nmc=11
nz=2
kmax=93
run number  , frame , sample interval , measurements:
1  1 1.709471  186.698339 253.722301
1  2 1.709471  487.482449 613.161853
1  3 1.709471  988.073293 1122.339135
1  4 1.709471  1685.883339 1777.001322
1  5 1.709471  2581.090208 2576.939768
1  6 1.709471  3676.817822 3524.381126
1  7 1.709471  4980.561669 4616.656152
1  8 1.709471  6486.337528 5857.150916
1  9 1.709471  8196.362113 7239.566075
1  10 1.709471  10114.053585 8763.047327
1  11 1.709471  12238.631410 10434.530109
1  12 1.709471  14564.026203 12248.541795
1  13 1.709471  17086.436375 14202.529146
1  14 1.709471  19800.801134 16292.773735
1  15 1.709471  22702.328652 18510.305325
1  16 1.709471  25798.069634 20864.539193
1  17 1.709471  29081.011580 23348.598024
1  18 1.709471  32552.152401 25963.077088
1  19 1.709471  36211.599846 28714.394041
1  20 1.709471  40058.049786 31600.143515
1  21 1.709471  44091.752601 34622.301528
1  22 1.709471  48314.242153 37784.220852
1  23 1.709471  52722.787540 41082.278623
1  24 1.709471  57321.024802 44520.826877
1  25 1.709471  62106.704927 48098.332930
1  26 1.709471  67073.767214 51818.832957
1  27 1.709471  72223.840740 55687.441206
1  28 1.709471  77557.864339 59700.724495
1  29 1.709471  83071.338571 63856.790203
1  30 1.709471  88774.659231 68165.405440
1  31 1.709471  94663.309142 72620.149188
1  32 1.709471  100736.310270 77219.757451
1  33 1.709471  106986.162110 81962.062765
1  34 1.709471  113413.716276 86857.793999
1  35 1.709471  120019.815032 91898.305122
1  36 1.709471  126806.572809 97093.576719
1  37 1.709471  133769.826414 102444.924939
1  38 1.709471  140910.381336 107949.312710
1  39 1.709471  148224.228403 113617.594551
1  40 1.709471  155712.846980 119445.440919
1  41 1.709471  163371.722039 125433.094153
1  42 1.709471  171200.002152 131585.399930
1  43 1.709471  179197.226143 137895.610621
1  44 1.709471  187367.483661 144365.944188
1  45 1.709471  195707.420351 151008.147210
1  46 1.709471  204218.409940 157809.967517
1  47 1.709471  212904.166992 164776.334841
1  48 1.709471  221760.883725 171906.710441
1  49 1.709471  230792.490769 179203.158321
1  50 1.709471  239993.239852 186659.982880
1  51 1.709471  249366.847549 194281.030021
1  52 1.709471  258913.508803 202066.569917
1  53 1.709471  268628.238858 210011.717647
1  54 1.709471  278521.244191 218126.716191
1  55 1.709471  288580.556980 226399.985747
1  56 1.709471  298812.986725 234838.348676
1  57 1.709471  309216.953470 243439.678295
1  58 1.709471  319792.131411 252203.109984
1  59 1.709471  330537.604750 261127.408584
1  60 1.709471  341451.856801 270213.722723
1  61 1.709471  352536.646736 279468.827609
1  62 1.709471  363792.412025 288896.826087
1  63 1.709471  375219.256301 298499.709855
1  64 1.709471  386826.452933 308286.183407
1  65 1.709471  398608.165821 318250.362448
1  66 1.709471  410569.620815 328395.472925
1  67 1.709471  422710.245328 338720.667062
1  68 1.709471  435029.863655 349228.792504
1  69 1.709471  447535.189147 359924.818919
1  70 1.709471  460223.654248 370806.939536
1  71 1.709471  473091.134410 381871.757290
1  72 1.709471  486139.207137 393118.754181
1  73 1.709471  499362.952194 404545.446500
1  74 1.709471  512762.065842 416155.435721
1  75 1.709471  526337.637291 427955.513272
1  76 1.709471  540085.524694 439948.644898
1  77 1.709471  554003.758054 452135.805448
1  78 1.709471  568093.091940 464520.240072
1  79 1.709471  582345.024652 477099.711698
1  80 1.709471  596759.309818 489876.523872
1  81 1.709471  611336.725573 502848.773854
1  82 1.709471  626073.769065 516015.242748
1  83 1.709471  640971.609781 529380.462129
1  84 1.709471  656025.638983 542942.263430
1  85 1.709471  671237.411919 556706.107147
1  86 1.709471  686603.531018 570670.346924
1  87 1.709471  702123.711553 584833.474318
1  88 1.709471  717807.360172 599203.142365
1  89 1.709471  733648.378561 613775.680465
1  90 1.709471  749651.646138 628561.014281
1  91 1.709471  765820.929505 643561.626855
1  92 1.709471  782156.010010 658769.943790
1  93 1.709471  798659.042470 674186.015522
2  1 1.709471  187.536329 254.225031
2  2 1.709471  489.222205 617.285488
2  3 1.709471  991.222151 1128.389759
2  4 1.709471  1693.627413 1785.315313
2  5 1.709471  2596.799272 2591.689307
2  6 1.709471  3693.382377 3540.836283
2  7 1.709471  4993.925686 4645.789469
2  8 1.709471  6483.236140 5892.140062
2  9 1.709471  8169.126181 7294.481899
2  10 1.709471  10050.455980 8835.129496
2  11 1.709471  12129.230315 10515.298410
2  12 1.709471  14403.823704 12344.318424
2  13 1.709471  16885.428431 14316.293584
2  14 1.709471  19564.215637 16436.813643
2  15 1.709471  22449.757826 18698.803705
2  16 1.709471  25531.454164 21101.151930
2  17 1.709471  28819.908734 23651.416920
2  18 1.709471  32303.124551 26343.716450
2  19 1.709471  35989.245923 29181.376855
2  20 1.709471  39878.394593 32164.377227
2  21 1.709471  43971.507695 35300.859214
2  22 1.709471  48266.313530 38586.463685
2  23 1.709471  52764.849146 42026.365300
2  24 1.709471  57468.448087 45621.238680
2  25 1.709471  62380.607188 49369.344817
2  26 1.709471  67502.602777 53276.416012
2  27 1.709471  72831.694407 57344.242664
2  28 1.709471  78368.494419 61570.946534
2  29 1.709471  84117.329105 65962.894852
2  30 1.709471  90075.921984 70517.645248
2  31 1.709471  96242.912279 75238.449380
2  32 1.709471  102615.847791 80119.902022
2  33 1.709471  109190.667676 85170.451180
2  34 1.709471  115969.381061 90379.319988
2  35 1.709471  122951.224139 95761.416867
2  36 1.709471  130134.796486 101305.064102
2  37 1.709471  137525.561192 107018.939057
2  38 1.709471  145120.810835 112907.648790
2  39 1.709471  152924.718058 118964.023661
2  40 1.709471  160937.574170 125191.493766
2  41 1.709471  169156.205588 131587.530643
2  42 1.709471  177584.510414 138151.152048
2  43 1.709471  186209.512745 144884.467311
2  44 1.709471  195030.458673 151787.255357
2  45 1.709471  204049.200224 158851.429512
2  46 1.709471  213264.724906 166084.413096
2  47 1.709471  222681.983999 173479.963721
2  48 1.709471  232298.541694 181043.225315
2  49 1.709471  242113.521878 188770.610763
2  50 1.709471  252127.108363 196662.304139
2  51 1.709471  262338.545649 204717.435021
2  52 1.709471  272750.225883 212938.611360
2  53 1.709471  283361.226440 221325.203161
2  54 1.709471  294172.247159 229878.087685
2  55 1.709471  305181.418367 238595.251836
2  56 1.709471  316391.791670 247479.512052
2  57 1.709471  327797.635772 256525.269903
2  58 1.709471  339408.664438 265742.328244
2  59 1.709471  351215.684423 275122.748947
2  60 1.709471  363220.069058 284672.882873
2  61 1.709471  375423.565777 294397.427006
2  62 1.709471  387827.019178 304293.882377
2  63 1.709471  400434.402260 314364.790070
2  64 1.709471  413245.844204 324609.915901
2  65 1.709471  426261.904623 335025.709462
2  66 1.709471  439487.385190 345609.264431
2  67 1.709471  452920.767886 356355.295262
2  68 1.709471  466569.406275 367273.646461
2  69 1.709471  480427.143249 378357.028633
2  70 1.709471  494502.810671 389607.844326
2  71 1.709471  508798.409702 401024.259554
2  72 1.709471  523314.187291 412606.223759
2  73 1.709471  538054.406002 424357.563854
2  74 1.709471  553014.614717 436274.342141
2  75 1.709471  568197.051098 448359.547885
2  76 1.709471  583602.253131 460612.180162
2  77 1.709471  599225.563303 473025.603089
2  78 1.709471  615072.642165 485606.096495
2  79 1.709471  631138.635464 498350.132203
2  80 1.709471  647420.814262 511259.173103
2  81 1.709471  663923.857045 524340.547368
2  82 1.709471  680637.514244 537585.624076
2  83 1.709471  697562.033467 550995.074702
2  84 1.709471  714695.245647 564568.800500
2  85 1.709471  732032.392323 578307.389972
2  86 1.709471  749578.017186 592219.030042
2  87 1.709471  767325.731830 606298.946853
2  88 1.709471  785279.281601 620551.831162
2  89 1.709471  803436.289871 634976.664456
2  90 1.709471  821796.294773 649574.000800
2  91 1.709471  840363.088850 664350.226574
2  92 1.709471  859135.546458 679303.327146
2  93 1.709471  878118.526300 694436.844052
3  1 1.709471  186.493006 252.608515
3  2 1.709471  487.745123 615.450101
3  3 1.709471  988.725053 1123.449852
3  4 1.709471  1685.628274 1777.126193
3  5 1.709471  2583.556030 2578.499021
3  6 1.709471  3679.971256 3524.521636
3  7 1.709471  4978.720629 4619.977667
3  8 1.709471  6483.345050 5863.027174
3  9 1.709471  8190.386578 7265.874458
3  10 1.709471  10095.829258 8818.709770
3  11 1.709471  12206.218211 10529.556886
3  12 1.709471  14522.852394 12393.443758
3  13 1.709471  17041.405112 14412.764354
3  14 1.709471  19765.680324 16584.346017
3  15 1.709471  22701.658509 18912.572512
3  16 1.709471  25844.223675 21390.383258
3  17 1.709471  29199.704112 24021.656456
3  18 1.709471  32765.565276 26810.550148
3  19 1.709471  36551.561868 29759.605540
3  20 1.709471  40550.697973 32867.939416
3  21 1.709471  44771.926711 36135.106103
3  22 1.709471  49208.873660 39564.812064
3  23 1.709471  53864.924372 43156.373167
3  24 1.709471  58732.502270 46916.578379
3  25 1.709471  63822.164372 50843.266444
3  26 1.709471  69124.405907 54945.376729
3  27 1.709471  74643.477657 59224.695508
3  28 1.709471  80379.987276 63681.913946
3  29 1.709471  86330.537527 68322.040243
3  30 1.709471  92499.043171 73143.109544
3  31 1.709471  98879.723091 78132.863340
3  32 1.709471  105470.966049 83297.809225
3  33 1.709471  112275.669942 88631.188394
3  34 1.709471  119298.009101 94136.678198
3  35 1.709471  126533.753583 99813.222071
3  36 1.709471  133979.090656 105659.174697
3  37 1.709471  141638.950441 111675.723989
3  38 1.709471  149508.362891 117854.688029
3  39 1.709471  157594.028532 124198.873397
3  40 1.709471  165898.565933 130708.480027
3  41 1.709471  174416.192245 137381.935294
3  42 1.709471  183154.355663 144221.159258
3  43 1.709471  192114.903920 151225.662788
3  44 1.709471  201291.366087 158398.526171
3  45 1.709471  210684.061060 165730.147788
3  46 1.709471  220292.587588 173221.038568
3  47 1.709471  230115.954670 180869.378308
3  48 1.709471  240155.558295 188676.383656
3  49 1.709471  250412.238914 196642.756849
3  50 1.709471  260885.698968 204767.923180
3  51 1.709471  271577.511523 213053.379085
3  52 1.709471  282483.370919 221494.769906
3  53 1.709471  293606.475713 230094.942033
3  54 1.709471  304947.180397 238853.870163
3  55 1.709471  316505.501489 247771.277528
3  56 1.709471  328280.335045 256845.943920
3  57 1.709471  340272.713325 266078.593452
3  58 1.709471  352482.793977 275469.101806
3  59 1.709471  364910.389045 285015.569620
3  60 1.709471  377557.675504 294719.106917
3  61 1.709471  390420.833119 304575.474230
3  62 1.709471  403499.522035 314583.801047
3  63 1.709471  416799.984773 324746.281582
3  64 1.709471  430315.837651 335051.224524
3  65 1.709471  444056.594465 345505.685885
3  66 1.709471  458018.262016 356103.906487
3  67 1.709471  472203.472696 366847.573166
3  68 1.709471  486613.394018 377738.042132
3  69 1.709471  501246.187186 388776.318612
3  70 1.709471  516101.858372 399967.753238
3  71 1.709471  531187.829456 411321.842213
3  72 1.709471  546504.077575 422834.769151
3  73 1.709471  562051.601925 434506.002442
3  74 1.709471  577830.170127 446335.714009
3  75 1.709471  593843.326937 458324.896372
3  76 1.709471  610090.735488 470471.359134
3  77 1.709471  626569.915618 482772.920096
3  78 1.709471  643280.197843 495226.235545
3  79 1.709471  660231.292110 507837.822055
3  80 1.709471  677419.193402 520602.815415
3  81 1.709471  694851.436624 533523.218883
3  82 1.709471  712519.248083 546585.993217
3  83 1.709471  730418.460124 559786.996280
3  84 1.709471  748554.518510 573132.589234
3  85 1.709471  766920.221440 586618.787359
3  86 1.709471  785516.093395 600244.883118
3  87 1.709471  804342.172218 614008.698935
3  88 1.709471  823395.164040 627908.492563
3  89 1.709471  842680.563127 641947.324273
3  90 1.709471  862189.109225 656116.513481
3  91 1.709471  881920.345978 670423.714321
3  92 1.709471  901866.548779 684864.812550
3  93 1.709471  922035.712766 699447.684273
4  1 1.709471  186.028158 252.709187
4  2 1.709471  488.629113 615.722071
4  3 1.709471  989.046540 1124.688164
4  4 1.709471  1693.646699 1783.917422
4  5 1.709471  2592.006491 2583.150467
4  6 1.709471  3688.170752 3538.664798
4  7 1.709471  4984.923178 4640.941546
4  8 1.709471  6479.716686 5893.566249
4  9 1.709471  8169.102523 7290.962845
4  10 1.709471  10059.680790 8836.941218
4  11 1.709471  12149.964109 10526.440677
4  12 1.709471  14444.639149 12365.720332
4  13 1.709471  16942.910117 14351.627071
4  14 1.709471  19645.683454 16487.245178
4  15 1.709471  22556.528807 18770.790041
4  16 1.709471  25674.209038 21206.860209
4  17 1.709471  29005.404219 23790.433668
4  18 1.709471  32546.293137 26522.489294
4  19 1.709471  36300.780822 29406.557495
4  20 1.709471  40263.485893 32439.797983
4  21 1.709471  44445.573927 35621.300668
4  22 1.709471  48840.870618 38953.185760
4  23 1.709471  53456.031277 42431.051547
4  24 1.709471  58295.803954 46057.363266
4  25 1.709471  63357.487189 49832.488082
4  26 1.709471  68645.121578 53765.880546
4  27 1.709471  74159.702600 57852.968223
4  28 1.709471  79902.126371 62095.325723
4  29 1.709471  85873.382260 66495.205046
4  30 1.709471  92073.662167 71059.299433
4  31 1.709471  98506.112563 75780.943174
4  32 1.709471  105169.555728 80661.419467
4  33 1.709471  112066.162237 85693.041175
4  34 1.709471  119190.970411 90882.733613
4  35 1.709471  126547.590196 96228.375289
4  36 1.709471  134132.314401 101725.137347
4  37 1.709471  141942.046956 107376.273839
4  38 1.709471  149970.310486 113181.510822
4  39 1.709471  158223.626316 119138.089312
4  40 1.709471  166686.753326 125245.321268
4  41 1.709471  175371.817305 131500.372563
4  42 1.709471  184272.819707 137900.557397
4  43 1.709471  193382.065841 144448.265467
4  44 1.709471  202697.277049 151146.042980
4  45 1.709471  212221.218302 158001.133926
4  46 1.709471  221949.825655 165008.266297
4  47 1.709471  231888.149820 172168.165305
4  48 1.709471  242035.047302 179484.716775
4  49 1.709471  252386.189939 186952.021155
4  50 1.709471  262945.657990 194574.417269
4  51 1.709471  273713.448770 202352.361681
4  52 1.709471  284684.517068 210280.930548
4  53 1.709471  295865.858979 218366.805779
4  54 1.709471  307252.990985 226605.487163
4  55 1.709471  318842.826160 234994.122850
4  56 1.709471  330641.782627 243539.468964
4  57 1.709471  342647.638973 252239.500582
4  58 1.709471  354859.437692 261093.172426
4  59 1.709471  367277.561141 270099.368594
4  60 1.709471  379908.938337 279265.306659
4  61 1.709471  392745.982759 288585.309490
4  62 1.709471  405791.931435 298060.768308
4  63 1.709471  419044.969673 307689.764283
4  64 1.709471  432500.065155 317466.823549
4  65 1.709471  446162.398762 327391.476549
4  66 1.709471  460033.965167 337463.023401
4  67 1.709471  474114.699249 347681.284371
4  68 1.709471  488407.616884 358048.474851
4  69 1.709471  502911.183922 368563.705732
4  70 1.709471  517624.458984 379228.073790
4  71 1.709471  532549.525321 390041.572500
4  72 1.709471  547683.869645 400999.132433
4  73 1.709471  563030.474252 412103.380819
4  74 1.709471  578586.466043 423350.082472
4  75 1.709471  594354.104469 434744.081617
4  76 1.709471  610325.849306 446281.650432
4  77 1.709471  626512.310048 457972.243853
4  78 1.709471  642903.733042 469801.731449
4  79 1.709471  659510.454126 481778.034112
4  80 1.709471  676323.507998 493895.519696
4  81 1.709471  693342.493753 506155.150211
4  82 1.709471  710572.776812 518558.726678
4  83 1.709471  728011.086920 531102.486521
4  84 1.709471  745657.013735 543787.024307
4  85 1.709471  763513.934092 556615.161744
4  86 1.709471  781581.456301 569584.680794
4  87 1.709471  799870.138095 582704.156761
4  88 1.709471  818381.672445 595971.445906
4  89 1.709471  837112.917072 609381.605686
4  90 1.709471  856063.609597 622936.134292
4  91 1.709471  875229.516385 636633.227978
4  92 1.709471  894608.694859 650471.684142
4  93 1.709471  914194.448086 664444.339130
5  1 1.709471  183.415403 255.656360
5  2 1.709471  485.747919 616.368230
5  3 1.709471  985.939806 1127.104310
5  4 1.709471  1683.329290 1783.941949
5  5 1.709471  2579.582507 2586.480863
5  6 1.709471  3672.796817 3535.871400
5  7 1.709471  4970.271963 4629.575670
5  8 1.709471  6460.654026 5862.498897
5  9 1.709471  8151.683671 7235.249262
5  10 1.709471  10039.523467 8746.094118
5  11 1.709471  12132.781417 10397.093431
5  12 1.709471  14415.356161 12185.280459
5  13 1.709471  16899.828810 14113.936058
5  14 1.709471  19587.363402 16173.148961
5  15 1.709471  22483.303067 18368.896220
5  16 1.709471  25581.542468 20698.834812
5  17 1.709471  28881.974307 23163.398981
5  18 1.709471  32380.314521 25763.151570
5  19 1.709471  36077.510013 28499.499624
5  20 1.709471  39977.727261 31377.235803
5  21 1.709471  44071.809419 34394.696894
5  22 1.709471  48367.836741 37560.399899
5  23 1.709471  52867.209513 40867.771173
5  24 1.709471  57572.147900 44324.027256
5  25 1.709471  62481.549003 47919.732421
5  26 1.709471  67592.816913 51659.157211
5  27 1.709471  72901.954128 55547.053581
5  28 1.709471  78413.502158 59581.176967
5  29 1.709471  84126.387865 63762.681778
5  30 1.709471  90037.034579 68089.983144
5  31 1.709471  96150.467020 72558.252524
5  32 1.709471  102466.648953 77170.767972
5  33 1.709471  108989.824507 81925.478303
5  34 1.709471  115717.624764 86824.837405
5  35 1.709471  122652.298425 91872.842501
5  36 1.709471  129800.587367 97067.179817
5  37 1.709471  137155.674672 102406.316100
5  38 1.709471  144714.027101 107889.897396
5  39 1.709471  152475.822634 113514.948246
5  40 1.709471  160439.406102 119274.228734
5  41 1.709471  168601.646777 125167.018343
5  42 1.709471  176970.069610 131194.732867
5  43 1.709471  185532.674415 137352.025815
5  44 1.709471  194293.216701 143645.334714
5  45 1.709471  203251.381956 150063.059628
5  46 1.709471  212401.804660 156606.840455
5  47 1.709471  221747.921598 163273.523427
5  48 1.709471  231283.454959 170059.757575
5  49 1.709471  241014.523416 176970.319464
5  50 1.709471  250939.773363 184004.056198
5  51 1.709471  261058.929758 191160.986168
5  52 1.709471  271368.611156 198438.139525
5  53 1.709471  281872.498676 205839.478329
5  54 1.709471  292566.271663 213360.675958
5  55 1.709471  303455.284352 221007.071023
5  56 1.709471  314538.049739 228777.096797
5  57 1.709471  325813.034860 236669.334975
5  58 1.709471  337280.642488 244684.074135
5  59 1.709471  348944.276843 252820.319966
5  60 1.709471  360809.312841 261079.735972
5  61 1.709471  372864.846197 269456.222628
5  62 1.709471  385114.042740 277957.988768
5  63 1.709471  397555.773357 286582.752879
5  64 1.709471  410195.264353 295336.585725
5  65 1.709471  423027.845477 304218.500993
5  66 1.709471  436055.950227 313231.207161
5  67 1.709471  449280.234103 322372.004087
5  68 1.709471  462707.443590 331645.152397
5  69 1.709471  476329.390270 341042.108523
5  70 1.709471  490146.269789 350564.981872
5  71 1.709471  504156.515375 360215.679585
5  72 1.709471  518358.722538 369995.787286
5  73 1.709471  532749.891780 379902.202307
5  74 1.709471  547332.318960 389933.935317
5  75 1.709471  562106.361170 400088.680121
5  76 1.709471  577071.496506 410368.794182
5  77 1.709471  592226.236857 420775.230263
5  78 1.709471  607571.631727 431306.276162
5  79 1.709471  623097.469492 441954.690145
5  80 1.709471  638809.470803 452728.201306
5  81 1.709471  654707.021777 463626.431680
5  82 1.709471  670789.766243 474652.214321
5  83 1.709471  687054.146267 485804.537631
5  84 1.709471  703505.081667 497091.720499
5  85 1.709471  720139.860734 508511.669975
5  86 1.709471  736961.621961 520067.830209
5  87 1.709471  753969.473596 531763.392378
5  88 1.709471  771161.148273 543597.484227
5  89 1.709471  788537.492408 555568.366533
5  90 1.709471  806099.459421 567672.464263
5  91 1.709471  823852.750807 579911.526098
5  92 1.709471  841787.975373 592275.031966
5  93 1.709471  859913.474241 604771.191518
6  1 1.709471  185.407764 254.193792
6  2 1.709471  491.176107 615.037281
6  3 1.709471  989.648227 1125.184089
6  4 1.709471  1694.589692 1780.579849
6  5 1.709471  2591.486532 2584.077778
6  6 1.709471  3691.437988 3534.583632
6  7 1.709471  4993.220937 4630.831815
6  8 1.709471  6492.717454 5876.278314
6  9 1.709471  8188.048727 7271.980944
6  10 1.709471  10073.226958 8812.998933
6  11 1.709471  12154.951484 10503.932276
6  12 1.709471  14429.800484 12340.029781
6  13 1.709471  16898.729640 14326.638434
6  14 1.709471  19559.922354 16461.617290
6  15 1.709471  22415.755783 18749.054813
6  16 1.709471  25459.599669 21192.378119
6  17 1.709471  28694.040203 23783.273385
6  18 1.709471  32115.368543 26518.155562
6  19 1.709471  35720.773661 29402.381999
6  20 1.709471  39512.046275 32428.220430
6  21 1.709471  43484.709673 35596.305272
6  22 1.709471  47642.777837 38903.012650
6  23 1.709471  51982.040661 42348.429066
6  24 1.709471  56505.600837 45929.387709
6  25 1.709471  61206.555394 49651.480837
6  26 1.709471  66084.367524 53508.770173
6  27 1.709471  71135.247125 57507.630880
6  28 1.709471  76352.419550 61647.720019
6  29 1.709471  81737.711269 65932.529611
6  30 1.709471  87292.199977 70364.804566
6  31 1.709471  93013.629091 74943.364665
6  32 1.709471  98909.729267 79663.738596
6  33 1.709471  104973.148125 84525.095182
6  34 1.709471  111208.729213 89528.158641
6  35 1.709471  117614.877680 94676.552590
6  36 1.709471  124192.406568 99967.610820
6  37 1.709471  130943.487752 105405.121883
6  38 1.709471  137867.929482 110981.302915
6  39 1.709471  144966.836537 116698.591717
6  40 1.709471  152239.061711 122549.391200
6  41 1.709471  159680.482039 128542.229298
6  42 1.709471  167293.868039 134673.883908
6  43 1.709471  175068.096610 140948.620373
6  44 1.709471  183011.109067 147362.613007
6  45 1.709471  191123.766243 153913.407942
6  46 1.709471  199401.668462 160612.172258
6  47 1.709471  207854.852683 167438.712005
6  48 1.709471  216476.423184 174405.570372
6  49 1.709471  225269.813428 181510.343614
6  50 1.709471  234232.629652 188751.010592
6  51 1.709471  243366.988090 196129.800356
6  52 1.709471  252669.481401 203643.288571
6  53 1.709471  262145.154318 211296.662341
6  54 1.709471  271792.404311 219088.281129
6  55 1.709471  281608.381856 227015.410328
6  56 1.709471  291598.602558 235084.290684
6  57 1.709471  301759.896160 243292.286942
6  58 1.709471  312085.783469 251633.067205
6  59 1.709471  322587.093658 260117.464950
6  60 1.709471  333259.737837 268740.603020
6  61 1.709471  344109.905384 277508.260148
6  62 1.709471  355133.538572 286415.690428
6  63 1.709471  366332.044099 295464.103601
6  64 1.709471  377709.126440 304657.928163
6  65 1.709471  389262.304121 313994.147304
6  66 1.709471  400990.868833 323472.392381
6  67 1.709471  412901.117943 333097.790775
6  68 1.709471  424981.343442 342858.474154
6  69 1.709471  437240.680848 352765.596284
6  70 1.709471  449677.784115 362817.263265
6  71 1.709471  462294.103725 373013.923283
6  72 1.709471  475082.117441 383350.444899
6  73 1.709471  488040.385791 393826.802605
6  74 1.709471  501172.002328 404448.549599
6  75 1.709471  514474.091217 415212.403940
6  76 1.709471  527956.471928 426126.872185
6  77 1.709471  541611.778745 437190.424197
6  78 1.709471  555445.372889 448412.766673
6  79 1.709471  569454.613079 459793.546158
6  80 1.709471  583642.615928 471335.688110
6  81 1.709471  598006.817258 483037.037219
6  82 1.709471  612547.177051 494901.130999
6  83 1.709471  627261.105633 506932.528481
6  84 1.709471  642147.665220 519137.160977
6  85 1.709471  657201.533086 531511.968166
6  86 1.709471  672429.353681 544063.271101
6  87 1.709471  687828.680842 556787.010256
6  88 1.709471  703404.890494 569685.911295
6  89 1.709471  719159.906076 582762.385296
6  90 1.709471  735092.528960 596018.953761
6  91 1.709471  751205.462869 609461.954158
6  92 1.709471  767491.820129 623087.372370
6  93 1.709471  783960.494756 636903.924032
7  1 1.709471  187.196579 254.505907
7  2 1.709471  488.049926 613.978277
7  3 1.709471  986.798883 1124.591814
7  4 1.709471  1688.422964 1782.759858
7  5 1.709471  2585.533028 2584.819941
7  6 1.709471  3682.762619 3538.183697
7  7 1.709471  4979.009107 4638.815605
7  8 1.709471  6473.648142 5896.200100
7  9 1.709471  8169.758206 7298.875035
7  10 1.709471  10069.195390 8853.829639
7  11 1.709471  12172.198885 10558.255518
7  12 1.709471  14473.208583 12424.001338
7  13 1.709471  16976.707435 14437.981059
7  14 1.709471  19681.771084 16601.952802
7  15 1.709471  22589.951974 18916.328534
7  16 1.709471  25701.201298 21375.184909
7  17 1.709471  29021.267816 23972.007271
7  18 1.709471  32550.926625 26709.377419
7  19 1.709471  36287.545462 29585.228346
7  20 1.709471  40230.356653 32610.252521
7  21 1.709471  44374.418631 35781.884151
7  22 1.709471  48723.232476 39098.847709
7  23 1.709471  53269.478679 42562.774434
7  24 1.709471  58019.593882 46170.137021
7  25 1.709471  62972.936439 49913.339308
7  26 1.709471  68127.981912 53796.082993
7  27 1.709471  73486.724489 57814.835613
7  28 1.709471  79044.042771 61969.920690
7  29 1.709471  84804.659141 66253.875812
7  30 1.709471  90768.603123 70674.335448
7  31 1.709471  96937.419664 75231.191951
7  32 1.709471  103299.283996 79919.514355
7  33 1.709471  109859.035493 84744.338375
7  34 1.709471  116615.436047 89702.042763
7  35 1.709471  123571.861364 94797.345565
7  36 1.709471  130725.526450 100031.726437
7  37 1.709471  138078.549738 105399.734595
7  38 1.709471  145631.013918 110901.677689
7  39 1.709471  153380.023499 116535.284652
7  40 1.709471  161328.815528 122306.266806
7  41 1.709471  169473.666556 128206.897007
7  42 1.709471  177815.076880 134237.407706
7  43 1.709471  186351.048742 140391.697908
7  44 1.709471  195083.019041 146671.332486
7  45 1.709471  204008.870590 153074.586887
7  46 1.709471  213130.351390 159598.656159
7  47 1.709471  222445.066152 166241.587761
7  48 1.709471  231959.475910 173004.963718
7  49 1.709471  241667.527804 179885.124685
7  50 1.709471  251573.600869 186886.314535
7  51 1.709471  261670.818021 194002.088101
7  52 1.709471  271967.510371 201241.073935
7  53 1.709471  282461.711360 208601.550048
7  54 1.709471  293145.580049 216076.119303
7  55 1.709471  304025.419233 223671.460298
7  56 1.709471  315101.149454 231387.496673
7  57 1.709471  326372.761476 239223.484513
7  58 1.709471  337836.823114 247175.078051
7  59 1.709471  349497.623054 255247.091543
7  60 1.709471  361357.210119 263441.694574
7  61 1.709471  373411.314589 271754.698580
7  62 1.709471  385658.079820 280183.831659
7  63 1.709471  398100.005304 288733.391736
7  64 1.709471  410730.550267 297399.324126
7  65 1.709471  423554.175455 306184.404461
7  66 1.709471  436568.809871 315083.132982
7  67 1.709471  449779.192945 324095.896371
7  68 1.709471  463186.582596 333223.035035
7  69 1.709471  476787.609590 342459.272389
7  70 1.709471  490590.164331 351812.085830
7  71 1.709471  504596.841207 361284.181145
7  72 1.709471  518807.291506 370873.052787
7  73 1.709471  533217.410517 380574.769417
7  74 1.709471  547835.363467 390396.934043
7  75 1.709471  562655.614966 400334.731687
7  76 1.709471  577683.450033 410394.577129
7  77 1.709471  592917.543882 420572.898384
7  78 1.709471  608363.491838 430873.032033
7  79 1.709471  624013.354702 441290.237231
7  80 1.709471  639866.378294 451826.731737
7  81 1.709471  655926.998341 462484.536582
7  82 1.709471  672187.247481 473255.745594
7  83 1.709471  688652.276135 484147.398331
7  84 1.709471  705319.005765 495156.764532
7  85 1.709471  722191.912895 506287.407763
7  86 1.709471  739274.394019 517542.978639
7  87 1.709471  756556.573177 528921.879400
7  88 1.709471  774041.843351 540435.342513
7  89 1.709471  791722.432554 552079.135898
7  90 1.709471  809604.518400 563862.552952
7  91 1.709471  827684.431154 575782.631247
7  92 1.709471  845963.041441 587839.735517
7  93 1.709471  864440.283094 600034.862403
8  1 1.709471  185.585747 252.510556
8  2 1.709471  489.155804 616.510280
8  3 1.709471  990.938175 1126.718380
8  4 1.709471  1689.912477 1783.320577
8  5 1.709471  2593.180437 2587.213803
8  6 1.709471  3688.629275 3539.365578
8  7 1.709471  4978.848395 4640.000191
8  8 1.709471  6455.554331 5889.670135
8  9 1.709471  8121.881824 7294.442704
8  10 1.709471  9980.045058 8860.495606
8  11 1.709471  12027.660419 10576.169168
8  12 1.709471  14268.693582 12447.317541
8  13 1.709471  16705.383459 14473.413814
8  14 1.709471  19330.731602 16653.935799
8  15 1.709471  22150.899268 18990.963059
8  16 1.709471  25160.450777 21483.016658
8  17 1.709471  28357.451482 24134.429087
8  18 1.709471  31743.395376 26935.846572
8  19 1.709471  35313.562450 29894.196226
8  20 1.709471  39064.738433 33007.511655
8  21 1.709471  42997.161748 36274.606488
8  22 1.709471  47117.124587 39704.665896
8  23 1.709471  51422.464690 43295.142603
8  24 1.709471  55911.404635 47045.438812
8  25 1.709471  60584.877065 50952.866682
8  26 1.709471  65446.624468 55012.768884
8  27 1.709471  70488.823555 59231.940311
8  28 1.709471  75719.836664 63610.284775
8  29 1.709471  81135.371764 68141.228658
8  30 1.709471  86743.077437 72826.286426
8  31 1.709471  92537.376313 77668.634297
8  32 1.709471  98519.684502 82670.897111
8  33 1.709471  104693.952138 87834.654278
8  34 1.709471  111057.401410 93162.206253
8  35 1.709471  117614.153236 98650.024027
8  36 1.709471  124358.673524 104300.341860
8  37 1.709471  131284.154378 110111.313483
8  38 1.709471  138396.138907 116080.765018
8  39 1.709471  145691.339076 122209.557325
8  40 1.709471  153169.177780 128492.813189
8  41 1.709471  160825.179775 134929.033153
8  42 1.709471  168662.780642 141521.170944
8  43 1.709471  176677.596625 148269.593257
8  44 1.709471  184868.839879 155176.816888
8  45 1.709471  193236.315157 162244.498737
8  46 1.709471  201783.127251 169474.970127
8  47 1.709471  210513.515678 176867.813851
8  48 1.709471  219423.800172 184421.077034
8  49 1.709471  228519.067225 192139.915833
8  50 1.709471  237798.087982 200023.086112
8  51 1.709471  247254.263968 208063.855213
8  52 1.709471  256893.182200 216267.920680
8  53 1.709471  266715.124685 224636.269822
8  54 1.709471  276715.886997 233165.289651
8  55 1.709471  286898.142785 241857.739970
8  56 1.709471  297259.389789 250711.113091
8  57 1.709471  307803.815403 259729.420325
8  58 1.709471  318525.106506 268906.354276
8  59 1.709471  329430.253231 278246.646047
8  60 1.709471  340516.239866 287746.086266
8  61 1.709471  351788.977028 297414.585917
8  62 1.709471  363246.436465 307249.939809
8  63 1.709471  374890.609822 317250.265647
8  64 1.709471  386714.814317 327406.870147
8  65 1.709471  398726.508446 337724.745439
8  66 1.709471  410923.605431 348201.117069
8  67 1.709471  423298.941884 358829.284281
8  68 1.709471  435860.783212 369615.881076
8  69 1.709471  448607.756205 380557.391339
8  70 1.709471  461545.780941 391658.561886
8  71 1.709471  474674.305778 402918.050048
8  72 1.709471  487992.807145 414335.508967
8  73 1.709471  501497.617319 425911.042822
8  74 1.709471  515186.407614 437648.845611
8  75 1.709471  529056.367993 449547.489572
8  76 1.709471  543104.078418 461600.594535
8  77 1.709471  557333.891946 473813.238188
8  78 1.709471  571744.833982 486187.263653
8  79 1.709471  586338.612488 498724.739826
8  80 1.709471  601115.760960 511429.685429
8  81 1.709471  616075.796285 524303.016931
8  82 1.709471  631213.321546 537339.767554
8  83 1.709471  646529.939617 550543.921431
8  84 1.709471  662019.770537 563910.479732
8  85 1.709471  677686.783957 577440.924983
8  86 1.709471  693537.550449 591139.696848
8  87 1.709471  709561.919898 604997.949356
8  88 1.709471  725767.614904 619023.525532
8  89 1.709471  742151.180375 633214.583213
8  90 1.709471  758713.560461 647572.691378
8  91 1.709471  775450.767888 662092.386699
8  92 1.709471  792363.143480 676773.782343
8  93 1.709471  809451.907735 691618.597036
9  1 1.709471  187.879985 253.392842
9  2 1.709471  490.199643 616.770945
9  3 1.709471  992.508123 1127.537783
9  4 1.709471  1694.182171 1782.328690
9  5 1.709471  2597.100122 2586.752175
9  6 1.709471  3699.786799 3542.295932
9  7 1.709471  5011.064065 4651.302578
9  8 1.709471  6527.833556 5907.223916
9  9 1.709471  8253.162477 7315.126365
9  10 1.709471  10181.453693 8868.053892
9  11 1.709471  12322.223267 10570.164086
9  12 1.709471  14670.208214 12424.686628
9  13 1.709471  17231.308279 14435.492448
9  14 1.709471  20002.879055 16597.112380
9  15 1.709471  22981.908949 18908.356352
9  16 1.709471  26167.964253 21367.734800
9  17 1.709471  29563.423440 23976.911338
9  18 1.709471  33164.977779 26734.136685
9  19 1.709471  36971.921552 29640.472177
9  20 1.709471  40984.559341 32692.789975
9  21 1.709471  45205.984671 35894.880005
9  22 1.709471  49632.884114 39244.012214
9  23 1.709471  54263.051178 42747.396687
9  24 1.709471  59097.785055 46399.646863
9  25 1.709471  64138.248600 50197.827885
9  26 1.709471  69381.041251 54143.153685
9  27 1.709471  74824.030591 58243.382972
9  28 1.709471  80469.597776 62495.712288
9  29 1.709471  86312.925517 66897.722026
9  30 1.709471  92355.746285 71452.019852
9  31 1.709471  98603.383594 76148.177684
9  32 1.709471  105050.170078 80995.703193
9  33 1.709471  111704.312834 85989.252200
9  34 1.709471  118562.325891 91128.747791
9  35 1.709471  125631.314126 96414.733353
9  36 1.709471  132912.968843 101846.496986
9  37 1.709471  140403.880227 107421.870418
9  38 1.709471  148105.049487 113136.961485
9  39 1.709471  156012.099669 118991.069658
9  40 1.709471  164134.812537 124986.600909
9  41 1.709471  172470.098211 131120.117007
9  42 1.709471  181017.787298 137393.511934
9  43 1.709471  189782.044388 143803.828438
9  44 1.709471  198759.078637 150347.870516
9  45 1.709471  207945.515987 157031.940859
9  46 1.709471  217341.048781 163855.604305
9  47 1.709471  226941.220996 170815.112739
9  48 1.709471  236746.218108 177912.273164
9  49 1.709471  246756.109364 185146.976023
9  50 1.709471  256970.225478 192519.023905
9  51 1.709471  267388.446580 200028.462032
9  52 1.709471  278009.991194 207674.573637
9  53 1.709471  288838.769803 215461.162985
9  54 1.709471  299870.248663 223383.404350
9  55 1.709471  311104.875629 231441.778703
9  56 1.709471  322545.484268 239639.290027
9  57 1.709471  334189.483630 247973.127847
9  58 1.709471  346037.755345 256443.749035
9  59 1.709471  358089.850423 265051.638088
9  60 1.709471  370351.006644 273801.471371
9  61 1.709471  382814.218179 282682.265198
9  62 1.709471  395484.504714 291696.755686
9  63 1.709471  408360.801669 300844.401896
9  64 1.709471  421445.465997 310126.963701
9  65 1.709471  434735.267790 319545.920161
9  66 1.709471  448229.245218 329106.573423
9  67 1.709471  461923.086375 338809.468347
9  68 1.709471  475817.357141 348656.915796
9  69 1.709471  489913.423752 358648.062901
9  70 1.709471  504210.614990 368780.513158
9  71 1.709471  518710.181312 379050.389116
9  72 1.709471  533418.312234 389463.451230
9  73 1.709471  548327.660741 400013.215189
9  74 1.709471  563445.926211 410707.776149
9  75 1.709471  578767.190605 421542.371941
9  76 1.709471  594291.297165 432518.692931
9  77 1.709471  610020.556423 443643.371088
9  78 1.709471  625949.045601 454909.945378
9  79 1.709471  642078.755312 466319.528924
9  80 1.709471  658407.575930 477870.585884
9  81 1.709471  674932.166622 489559.844158
9  82 1.709471  691656.696725 501394.058546
9  83 1.709471  708571.227863 513362.042984
9  84 1.709471  725679.962505 525467.088558
9  85 1.709471  742982.301468 537710.199462
9  86 1.709471  760478.687539 550091.822209
9  87 1.709471  778167.785911 562611.162740
9  88 1.709471  796049.164411 575262.350386
9  89 1.709471  814127.845820 588042.429552
9  90 1.709471  832404.618543 600948.151920
9  91 1.709471  850880.490011 613978.348770
9  92 1.709471  869556.890921 627131.520469
9  93 1.709471  888441.224430 640410.261366
10  1 1.709471  185.850808 253.960533
10  2 1.709471  488.260859 617.383112
10  3 1.709471  988.397210 1126.591099
10  4 1.709471  1685.302800 1781.094991
10  5 1.709471  2582.939902 2585.662520
10  6 1.709471  3679.970840 3536.353480
10  7 1.709471  4978.012285 4639.759506
10  8 1.709471  6479.842858 5892.590277
10  9 1.709471  8176.083363 7292.913938
10  10 1.709471  10069.735022 8850.976968
10  11 1.709471  12155.963363 10560.833649
10  12 1.709471  14435.434174 12426.744863
10  13 1.709471  16919.143200 14439.932059
10  14 1.709471  19601.586905 16606.654918
10  15 1.709471  22482.568799 18920.187474
10  16 1.709471  25563.933948 21381.190593
10  17 1.709471  28841.153759 23988.095832
10  18 1.709471  32318.022670 26746.990432
10  19 1.709471  35992.210261 29647.241754
10  20 1.709471  39865.132232 32691.441780
10  21 1.709471  43936.783633 35878.723110
10  22 1.709471  48210.484310 39205.916755
10  23 1.709471  52688.991210 42674.841824
10  24 1.709471  57372.700026 46280.074517
10  25 1.709471  62264.227944 50027.632750
10  26 1.709471  67364.100652 53915.384079
10  27 1.709471  72664.605491 57943.896380
10  28 1.709471  78165.011981 62114.746732
10  29 1.709471  83867.507511 66427.358076
10  30 1.709471  89774.333644 70882.321033
10  31 1.709471  95893.660441 75475.606018
10  32 1.709471  102221.746983 80210.318369
10  33 1.709471  108764.693847 85087.009619
10  34 1.709471  115517.193666 90107.203201
10  35 1.709471  122483.907739 95267.194144
10  36 1.709471  129672.726113 100571.703065
10  37 1.709471  137074.025474 106021.283567
10  38 1.709471  144691.493733 111616.706370
10  39 1.709471  152520.340500 117357.174198
10  40 1.709471  160560.294519 123230.843375
10  41 1.709471  168813.934662 129244.362580
10  42 1.709471  177272.157011 135398.178231
10  43 1.709471  185948.392405 141683.643326
10  44 1.709471  194832.838469 148107.919958
10  45 1.709471  203930.468912 154671.448878
10  46 1.709471  213243.162936 161370.501239
10  47 1.709471  222770.998806 168201.406421
10  48 1.709471  232523.337982 175176.664443
10  49 1.709471  242488.380886 182283.836538
10  50 1.709471  252672.967891 189529.808549
10  51 1.709471  263073.679645 196911.102495
10  52 1.709471  273691.819644 204428.683137
10  53 1.709471  284526.696797 212081.544246
10  54 1.709471  295584.529923 219875.925280
10  55 1.709471  306852.885860 227799.566831
10  56 1.709471  318343.447717 235864.243596
10  57 1.709471  330050.003703 244063.690160
10  58 1.709471  341975.262118 252400.753115
10  59 1.709471  354119.235549 260873.586843
10  60 1.709471  366483.356432 269480.796798
10  61 1.709471  379063.458245 278219.711171
10  62 1.709471  391867.472181 287103.273668
10  63 1.709471  404885.095111 296123.704473
10  64 1.709471  418122.904699 305286.021132
10  65 1.709471  431578.472215 314581.341644
10  66 1.709471  445260.383980 324010.394930
10  67 1.709471  459175.773096 333573.752819
10  68 1.709471  473324.840822 343271.843085
10  69 1.709471  487701.964865 353101.858762
10  70 1.709471  502312.755210 363067.538945
10  71 1.709471  517159.101940 373171.354691
10  72 1.709471  532238.817852 383416.935807
10  73 1.709471  547546.904873 393806.353703
10  74 1.709471  563086.358100 404341.867841
10  75 1.709471  578856.406635 415022.120369
10  76 1.709471  594849.273692 425840.449561
10  77 1.709471  611072.953239 436804.373308
10  78 1.709471  627521.642357 447910.068651
10  79 1.709471  644200.123102 459156.765856
10  80 1.709471  661104.695451 470533.834426
10  81 1.709471  678234.022836 482042.907119
10  82 1.709471  695589.869853 493689.283280
10  83 1.709471  713168.951722 505468.711612
10  84 1.709471  730970.474101 517378.774419
10  85 1.709471  748996.278066 529422.660113
10  86 1.709471  767242.764025 541601.643944
10  87 1.709471  785709.466422 553915.952574
10  88 1.709471  804395.719441 566362.345627
10  89 1.709471  823309.268869 578950.915497
10  90 1.709471  842438.198151 591672.714525
10  91 1.709471  861788.309979 604532.097752
10  92 1.709471  881358.043468 617524.780594
10  93 1.709471  901149.136209 630650.672128
11  1 1.709471  186.603921 252.654589
11  2 1.709471  490.841561 615.582800
11  3 1.709471  993.476794 1121.280974
11  4 1.709471  1693.846246 1777.014788
11  5 1.709471  2597.973089 2577.220437
11  6 1.709471  3698.520285 3523.690285
11  7 1.709471  5004.067845 4616.194521
11  8 1.709471  6505.970200 5856.426706
11  9 1.709471  8210.817108 7250.093450
11  10 1.709471  10115.849271 8795.974655
11  11 1.709471  12219.047010 10495.013371
11  12 1.709471  14522.837456 12348.455896
11  13 1.709471  17021.909994 14359.373709
11  14 1.709471  19717.482072 16527.810631
11  15 1.709471  22612.278723 18849.038060
11  16 1.709471  25708.081845 21328.349531
11  17 1.709471  29003.132248 23961.451475
11  18 1.709471  32493.241746 26753.673794
11  19 1.709471  36182.012225 29703.900895
11  20 1.709471  40062.082668 32817.593981
11  21 1.709471  44141.963905 36093.587790
11  22 1.709471  48419.944029 39540.844554
11  23 1.709471  52898.784355 43153.833872
11  24 1.709471  57577.317938 46933.928870
11  25 1.709471  62451.516498 50880.861802
11  26 1.709471  67526.373974 54991.079896
11  27 1.709471  72802.243439 59262.627359
11  28 1.709471  78283.623559 63700.751420
11  29 1.709471  83967.886751 68295.575756
11  30 1.709471  89853.085667 73049.621230
11  31 1.709471  95938.302884 77961.374553
11  32 1.709471  102221.614676 83036.515574
11  33 1.709471  108701.961964 88270.678192
11  34 1.709471  115377.368612 93664.257069
11  35 1.709471  122245.436255 99215.283695
11  36 1.709471  129306.278603 104924.860180
11  37 1.709471  136559.746714 110791.760696
11  38 1.709471  144014.060909 116818.473517
11  39 1.709471  151664.684911 122998.609239
11  40 1.709471  159504.657101 129332.460689
11  41 1.709471  167540.693012 135822.676126
11  42 1.709471  175772.112320 142471.146724
11  43 1.709471  184207.191784 149276.185480
11  44 1.709471  192842.240871 156238.154442
11  45 1.709471  201676.260839 163359.340468
11  46 1.709471  210715.136460 170631.288247
11  47 1.709471  219955.987064 178052.956390
11  48 1.709471  229402.729105 185628.271659
11  49 1.709471  239050.332216 193352.452498
11  50 1.709471  248899.078974 201226.031132
11  51 1.709471  258950.944149 209250.836061
11  52 1.709471  269206.419104 217426.683327
11  53 1.709471  279668.426322 225756.005224
11  54 1.709471  290329.437301 234231.541816
11  55 1.709471  301196.780997 242860.781081
11  56 1.709471  312266.550631 251639.767988
11  57 1.709471  323541.125136 260570.700419
11  58 1.709471  335019.438463 269652.228972
11  59 1.709471  346701.006494 278882.003325
11  60 1.709471  358586.032828 288258.058768
11  61 1.709471  370679.784535 297785.872717
11  62 1.709471  382973.854579 307457.816783
11  63 1.709471  395470.564817 317279.110668
11  64 1.709471  408167.761001 327250.148923
11  65 1.709471  421059.885213 337366.960921
11  66 1.709471  434149.103728 347635.588410
11  67 1.709471  447427.600202 358050.709727
11  68 1.709471  460904.353336 368622.014452
11  69 1.709471  474572.627047 379342.891456
11  70 1.709471  488433.604448 390210.783721
11  71 1.709471  502492.886372 401228.027191
11  72 1.709471  516741.374307 412387.656364
11  73 1.709471  531182.377723 423694.139174
11  74 1.709471  545813.900146 435144.284495
11  75 1.709471  560632.269933 446730.750157
11  76 1.709471  575644.289787 458455.533725
11  77 1.709471  590847.889037 470317.231071
11  78 1.709471  606243.977899 482320.589785
11  79 1.709471  621831.276685 494465.949730
11  80 1.709471  637615.364300 506758.197550
11  81 1.709471  653590.733386 519193.272271
11  82 1.709471  669756.752188 531775.102238
11  83 1.709471  686114.064834 544504.461621
11  84 1.709471  702660.980128 557377.021954
11  85 1.709471  719400.891436 570395.934501
11  86 1.709471  736333.122094 583562.127763
11  87 1.709471  753458.322136 596877.515110
11  88 1.709471  770778.186581 610344.086055
11  89 1.709471  788283.577030 623954.854987
11  90 1.709471  805982.221312 637720.543421
11  91 1.709471  823872.210026 651636.031234
11  92 1.709471  841961.559425 665701.256761
11  93 1.709471  860252.350787 679913.007214
