nmc=10
nx=5
kmax=105
run number  , frame , sample interval , truth:
1  1 1.899769  24.757979 -0.254790 127.479324 3.873929 0.000000
1  2 1.899769  24.109748 -0.427641 135.118535 4.168323 0.000000
1  3 1.899769  23.583372 -0.126506 142.756769 3.872901 0.000000
1  4 1.899769  23.543237 0.084254 150.256150 4.022144 0.000000
1  5 1.899769  23.579884 -0.045675 157.566984 3.674406 0.000000
1  6 1.899769  23.360035 -0.185773 164.742402 3.879583 0.000000
1  7 1.899769  22.823208 -0.379376 172.423432 4.206694 0.000000
1  8 1.899769  22.179507 -0.298286 180.601104 4.402427 0.000000
1  9 1.899769  21.803687 -0.097362 188.799746 4.228771 0.000000
1  10 1.899769  21.365040 -0.364429 196.530229 3.909569 0.000000
1  11 1.899769  20.805040 -0.225116 203.967929 3.920540 0.000000
1  12 1.899769  20.455648 -0.142709 211.613191 4.128082 0.000000
1  13 1.899769  20.270080 -0.052649 219.414560 4.084884 0.000000
1  14 1.899769  20.092733 -0.134055 226.850356 3.743221 0.000000
1  15 1.899769  20.038401 0.076858 233.796979 3.569902 0.000000
1  16 1.899769  20.226546 0.121214 240.233477 3.206182 0.000000
1  17 1.899769  20.611143 0.283674 246.198643 3.073703 0.000000
1  18 1.899769  21.167770 0.302320 251.906210 2.934992 0.000000
1  19 1.899769  21.727975 0.287440 257.555756 3.012622 0.000000
1  20 1.899769  22.425832 0.447236 263.266722 2.999652 0.000000
1  21 1.899769  23.210568 0.378901 269.278307 3.329101 0.000000
1  22 1.899769  23.991435 0.443163 275.642960 3.371347 0.000000
1  23 1.899769  24.844836 0.455263 281.615453 2.916252 0.000000
1  24 1.899769  25.287885 0.011162 287.169034 2.930333 0.000000
1  25 1.899769  25.261975 -0.038439 292.899087 3.102034 0.000000
1  26 1.899769  25.125968 -0.104744 298.820034 3.131299 0.000000
1  27 1.899769  25.051851 0.026717 304.944619 3.316415 0.000000
1  28 1.899769  24.659818 -0.439433 311.213842 3.283570 0.000000
1  29 1.899769  23.564786 -0.713373 317.679641 3.523360 0.000000
1  30 1.899769  22.347044 -0.568617 324.399493 3.551028 0.000000
1  31 1.899769  21.173018 -0.667350 331.156346 3.562313 0.000000
1  32 1.899769  19.535639 -1.056416 337.720432 3.348090 0.000000
1  33 1.899769  17.768004 -0.804479 343.994311 3.256795 0.000000
1  34 1.899769  16.427215 -0.607049 350.281658 3.362269 0.000000
1  35 1.899769  14.861156 -1.041634 356.672412 3.365658 0.000000
1  36 1.899769  13.387841 -0.509412 363.313175 3.625468 0.000000
1  37 1.899769  12.536288 -0.387069 370.139816 3.561343 0.000000
1  38 1.899769  11.665727 -0.529421 376.678404 3.322218 0.000000
1  39 1.899769  10.568603 -0.625587 383.227950 3.572879 0.000000
1  40 1.899769  9.179614 -0.836684 389.941794 3.495185 0.000000
1  41 1.899769  7.543667 -0.885575 396.531393 3.442078 0.000000
1  42 1.899769  6.035821 -0.701824 403.415472 3.805201 0.000000
1  43 1.899769  2.508524 -2.917961 409.722253 2.648824 -0.013483
1  44 1.899769  -3.221616 -3.114182 414.895322 2.796880 -0.012128
1  45 1.899769  -9.223509 -3.204096 420.326972 2.921091 -0.067675
1  46 1.899769  -14.883498 -2.746223 426.657381 3.734713 -0.373285
1  47 1.899769  -17.207945 0.404976 435.051959 4.733957 -0.226371
1  48 1.899769  -14.687717 2.205086 443.460067 3.978508 -0.428138
1  49 1.899769  -7.945763 4.502270 448.739530 1.277823 -0.613244
1  50 1.899769  0.209125 3.107182 446.506782 -3.320166 -0.410811
1  51 1.899769  2.876579 -0.460022 438.580518 -4.599122 -0.252175
1  52 1.899769  -0.042354 -2.554417 430.578120 -3.659705 -0.317498
1  53 1.899769  -6.768111 -4.314311 425.323282 -1.707992 -0.224989
1  54 1.899769  -15.526136 -4.767010 423.615236 -0.067313 -0.627041
1  55 1.899769  -22.224970 -1.376036 428.341515 4.445312 -0.649000
1  56 1.899769  -19.810479 3.564954 435.876305 2.408505 -0.717256
1  57 1.899769  -11.987366 3.405135 434.936617 -3.287186 -1.070579
1  58 1.899769  -13.321151 -4.185659 427.507307 -1.663256 -1.220764
1  59 1.899769  -18.305517 1.437430 432.224255 4.150120 -1.248600
1  60 1.899769  -11.935331 1.705847 432.492670 -4.050640 -1.558334
1  61 1.899769  -16.966176 -2.483240 429.387950 3.187487 -1.377797
1  62 1.899769  -13.493186 3.806652 433.720559 -1.714733 -1.168432
1  63 1.899769  -13.449351 -3.874458 427.415514 -1.900687 -1.373250
1  64 1.899769  -16.538134 1.151690 420.399042 -4.390354 0.000000
1  65 1.899769  -9.928496 4.787487 415.354576 -0.146539 0.000000
1  66 1.899769  -3.274478 1.129953 420.576657 4.843899 0.000000
1  67 1.899769  -6.926736 -4.383036 428.311403 2.027714 0.000000
1  68 1.899769  -15.251260 -3.055560 426.156477 -3.983806 0.000000
1  69 1.899769  -14.759355 3.558373 417.411837 -3.806859 0.000000
1  70 1.899769  -5.854200 4.364979 416.167786 2.722811 0.000000
1  71 1.899769  -3.064369 -1.922760 425.079902 5.296167 0.000000
1  72 1.899769  -11.184405 -5.277876 430.433171 -0.501020 0.000000
1  73 1.899769  -18.269744 -1.097481 424.293413 -4.933467 0.000000
1  74 1.899769  -14.284255 4.678591 416.348381 -2.145304 0.000000
1  75 1.899769  -5.250099 3.421051 418.687223 4.269695 0.000000
1  76 1.899769  -5.090081 -3.268904 428.509729 4.528703 0.000000
1  77 1.899769  -14.277538 -4.890308 430.989230 -2.354523 0.000000
1  78 1.899769  -18.568718 1.048140 422.226072 -5.497970 0.000000
1  79 1.899769  -11.191098 5.529850 415.879225 -0.146270 0.000000
1  80 1.899769  -3.392032 1.428395 421.755995 5.403673 0.000000
1  81 1.899769  -7.004271 -4.608191 430.924327 2.801059 0.000000
1  82 1.899769  -16.476146 -3.853818 429.694847 -3.915291 0.000000
1  83 1.899769  -17.688454 2.751524 420.108039 -4.638324 0.000000
1  84 1.899769  -8.911703 5.071030 416.561438 1.455058 0.000000
1  85 1.899769  0.389942 4.721365 419.458951 1.595327 0.000000
1  86 1.899769  9.542425 4.913999 422.415823 1.517548 0.000000
1  87 1.899769  19.042796 5.087607 425.393301 1.617021 0.000000
1  88 1.899769  28.883629 5.272424 428.392869 1.540803 0.000000
1  89 1.899769  38.712038 5.074527 431.143230 1.354666 0.000000
1  90 1.899769  48.391210 5.115313 433.609740 1.241976 0.000000
1  91 1.899769  58.061140 5.064798 435.750088 1.011296 0.000000
1  92 1.899769  67.688666 5.070671 437.694462 1.035662 0.000000
1  93 1.899769  77.587535 5.350456 439.535633 0.902649 0.000000
1  94 1.899769  87.987120 5.597805 441.212834 0.863041 0.000000
1  95 1.899769  98.514333 5.484818 443.037294 1.057677 0.000000
1  96 1.899769  108.782478 5.325069 444.846740 0.847235 0.000000
1  97 1.899769  118.840382 5.263484 446.715769 1.120402 0.000000
1  98 1.899769  128.886054 5.312193 448.581298 0.843551 0.000000
1  99 1.899769  138.892083 5.221749 450.336744 1.004511 0.000000
1  100 1.899769  148.882819 5.296094 452.398157 1.165661 0.000000
1  101 1.899769  159.141229 5.503545 454.512735 1.060480 0.000000
1  102 1.899769  169.614930 5.522743 456.477343 1.007780 0.000000
1  103 1.899769  179.946263 5.353665 458.274094 0.883767 0.000000
1  104 1.899769  190.006943 5.237812 459.969993 0.901607 0.000000
1  105 1.899769  200.086784 5.373836 461.560853 0.773186 0.000000
2  1 1.899769  25.153242 0.161327 127.761674 4.171176 0.000000
2  2 1.899769  25.383637 0.081224 135.639388 4.122161 0.000000
2  3 1.899769  25.971054 0.537185 143.507691 4.161270 0.000000
2  4 1.899769  27.276424 0.837056 151.285790 4.027197 0.000000
2  5 1.899769  28.791194 0.757633 158.958360 4.050174 0.000000
2  6 1.899769  30.164501 0.688129 166.576873 3.970288 0.000000
2  7 1.899769  31.646872 0.872451 174.158155 4.010977 0.000000
2  8 1.899769  33.258828 0.824550 181.739732 3.970600 0.000000
2  9 1.899769  35.039033 1.049578 189.049707 3.725046 0.000000
2  10 1.899769  37.119589 1.140747 195.774313 3.354347 0.000000
2  11 1.899769  39.254696 1.107006 201.881147 3.074681 0.000000
2  12 1.899769  41.747445 1.517259 207.542888 2.885770 0.000000
2  13 1.899769  44.725418 1.617831 213.168842 3.037007 0.000000
2  14 1.899769  47.613850 1.422994 218.799641 2.890871 0.000000
2  15 1.899769  50.445567 1.558123 224.427350 3.033753 0.000000
2  16 1.899769  53.229429 1.372615 230.187930 3.030752 0.000000
2  17 1.899769  55.664072 1.190479 235.952315 3.037759 0.000000
2  18 1.899769  58.099075 1.372993 241.616095 2.924840 0.000000
2  19 1.899769  60.725873 1.392393 247.130413 2.880411 0.000000
2  20 1.899769  63.647370 1.683240 252.594439 2.871894 0.000000
2  21 1.899769  67.227861 2.086155 258.172732 3.000707 0.000000
2  22 1.899769  71.256356 2.154881 263.860502 2.987148 0.000000
2  23 1.899769  75.662463 2.483689 269.633375 3.090298 0.000000
2  24 1.899769  80.453858 2.560497 275.732714 3.330839 0.000000
2  25 1.899769  85.288236 2.528940 281.983956 3.250215 0.000000
2  26 1.899769  89.873342 2.298074 288.408986 3.513797 0.000000
2  27 1.899769  94.078945 2.129415 295.032788 3.459473 0.000000
2  28 1.899769  97.794487 1.782157 301.803154 3.668095 0.000000
2  29 1.899769  100.955869 1.546018 308.870306 3.771916 0.000000
2  30 1.899769  103.834828 1.484833 315.899543 3.628180 0.000000
2  31 1.899769  106.456838 1.275513 322.933865 3.777268 0.000000
2  32 1.899769  108.895711 1.292033 330.167128 3.837618 0.000000
2  33 1.899769  111.450453 1.397496 337.300173 3.671762 0.000000
2  34 1.899769  114.121418 1.414387 344.408945 3.812066 0.000000
2  35 1.899769  116.683942 1.283335 351.521750 3.676007 0.000000
2  36 1.899769  119.391137 1.566690 358.583733 3.758563 0.000000
2  37 1.899769  122.095334 1.280179 365.481811 3.503454 0.000000
2  38 1.899769  124.841845 1.611236 372.451190 3.833626 0.000000
2  39 1.899769  128.035405 1.750815 379.587075 3.678744 0.000000
2  40 1.899769  131.171845 1.551102 386.301797 3.390243 0.000000
2  41 1.899769  134.047297 1.476057 392.438604 3.070340 0.000000
2  42 1.899769  137.308363 1.957061 398.474241 3.283734 0.000000
2  43 1.899769  139.534972 0.335740 405.240745 3.641004 0.298459
2  44 1.899769  138.438624 -1.452930 411.819844 3.094410 0.042939
2  45 1.899769  135.595839 -1.538089 417.582464 2.968880 -0.342556
2  46 1.899769  134.817411 0.754092 424.044710 3.603502 -0.379907
2  47 1.899769  138.156484 2.591661 429.479858 1.852317 -0.425440
2  48 1.899769  143.699586 2.910656 430.556048 -0.792614 -0.698792
2  49 1.899769  146.966423 0.021542 426.297542 -3.011263 -0.886614
2  50 1.899769  143.226900 -2.975797 423.092854 0.527072 -1.071114
2  51 1.899769  141.226761 1.563166 427.436468 2.300754 -0.977474
2  52 1.899769  145.659187 1.639648 427.817193 -1.966624 -0.814664
2  53 1.899769  145.293197 -1.949142 423.278637 -1.852108 -0.888116
2  54 1.899769  140.597585 -1.811194 423.754042 2.253308 -0.802283
2  55 1.899769  141.436182 2.604386 428.519546 1.711792 -0.727137
2  56 1.899769  146.781097 2.083443 428.128508 -2.020480 -0.658564
2  57 1.899769  147.852001 -1.082907 423.307100 -2.338512 -0.671926
2  58 1.899769  144.055038 -2.324479 421.513872 0.772075 -0.703293
2  59 1.899769  141.634491 0.159252 424.790809 2.095751 -0.849928
2  60 1.899769  144.665700 2.371078 426.713975 -0.613867 -0.912613
2  61 1.899769  146.069207 -1.388792 423.093744 -2.173603 -1.150630
2  62 1.899769  142.002424 -1.080994 423.500578 2.437092 -1.097333
2  63 1.899769  144.252579 2.438290 426.771949 -0.395631 -1.303975
2  64 1.899769  148.240537 1.150295 428.718709 2.108755 0.000000
2  65 1.899769  147.289726 -2.039673 432.741232 1.458061 0.000000
2  66 1.899769  142.665583 -2.122297 432.784005 -1.381732 0.000000
2  67 1.899769  141.232337 0.843945 428.405849 -2.551705 0.000000
2  68 1.899769  145.513357 3.031852 425.842247 0.272172 0.000000
2  69 1.899769  149.416708 0.452134 429.527417 3.019675 0.000000
2  70 1.899769  146.929875 -2.645232 434.019409 0.960723 0.000000
2  71 1.899769  142.120853 -1.663530 432.403837 -2.414561 0.000000
2  72 1.899769  142.634998 2.153878 427.246695 -2.189616 0.000000
2  73 1.899769  148.071270 2.710484 426.780438 1.809898 0.000000
2  74 1.899769  149.862483 -1.111299 432.325118 3.154304 0.000000
2  75 1.899769  145.051871 -3.157899 435.346885 -0.479623 0.000000
2  76 1.899769  140.960169 -0.532495 431.157358 -3.275240 0.000000
2  77 1.899769  143.862940 3.136852 426.014698 -1.319476 0.000000
2  78 1.899769  149.776262 2.163000 427.715145 2.856747 0.000000
2  79 1.899769  149.443889 -2.495883 434.518321 3.295327 0.000000
2  80 1.899769  142.561900 -3.622262 436.312742 -1.703197 0.000000
2  81 1.899769  139.487307 0.892833 429.666990 -4.285246 0.000000
2  82 1.899769  145.397908 4.386139 424.781020 -0.063082 0.000000
2  83 1.899769  151.490225 1.043524 429.294758 4.066024 0.000000
2  84 1.899769  148.416830 -3.803333 435.839154 1.740050 0.000000
2  85 1.899769  141.037729 -3.965086 438.835444 1.414324 0.000000
2  86 1.899769  133.603661 -3.861200 441.711485 1.613456 0.000000
2  87 1.899769  126.655672 -3.453361 444.453723 1.273461 0.000000
2  88 1.899769  120.268243 -3.271065 447.124468 1.538192 0.000000
2  89 1.899769  113.989420 -3.339026 449.987939 1.476354 0.000000
2  90 1.899769  107.429852 -3.566622 452.801845 1.486012 0.000000
2  91 1.899769  100.540499 -3.686210 455.404255 1.253699 0.000000
2  92 1.899769  93.622970 -3.596284 457.542383 0.997236 0.000000
2  93 1.899769  87.073329 -3.298912 459.447460 1.008351 0.000000
2  94 1.899769  80.584658 -3.532098 461.410888 1.058667 0.000000
2  95 1.899769  74.259830 -3.126425 463.514050 1.155457 0.000000
2  96 1.899769  68.281675 -3.167133 465.529382 0.966203 0.000000
2  97 1.899769  62.388234 -3.037242 467.589417 1.202519 0.000000
2  98 1.899769  56.839354 -2.804394 469.963290 1.296598 0.000000
2  99 1.899769  51.434277 -2.885852 472.153169 1.008818 0.000000
2  100 1.899769  46.044190 -2.788614 473.997530 0.932852 0.000000
2  101 1.899769  40.867986 -2.660684 475.695439 0.854637 0.000000
2  102 1.899769  35.668555 -2.813067 477.533923 1.080844 0.000000
2  103 1.899769  30.369977 -2.765062 479.323105 0.802734 0.000000
2  104 1.899769  25.225951 -2.650359 480.982208 0.943902 0.000000
2  105 1.899769  20.489864 -2.335602 482.661427 0.823912 0.000000
3  1 1.899769  25.156191 0.164432 127.577776 3.977575 0.000000
3  2 1.899769  25.327915 0.016351 135.163321 4.008179 0.000000
3  3 1.899769  25.822377 0.504198 143.033757 4.277498 0.000000
3  4 1.899769  26.827194 0.553632 151.123487 4.239041 0.000000
3  5 1.899769  27.817125 0.488528 159.137646 4.197941 0.000000
3  6 1.899769  28.775414 0.520320 167.120612 4.206203 0.000000
3  7 1.899769  30.106427 0.880917 175.085253 4.178649 0.000000
3  8 1.899769  31.849201 0.953805 183.037017 4.192646 0.000000
3  9 1.899769  33.718430 1.014044 191.143136 4.341148 0.000000
3  10 1.899769  35.659981 1.029942 199.648951 4.613430 0.000000
3  11 1.899769  37.359745 0.759501 208.279689 4.472662 0.000000
3  12 1.899769  38.726391 0.679248 216.686770 4.377973 0.000000
3  13 1.899769  40.138371 0.807228 225.030148 4.405597 0.000000
3  14 1.899769  41.550812 0.679733 233.662827 4.682537 0.000000
3  15 1.899769  42.603268 0.428250 242.449356 4.567565 0.000000
3  16 1.899769  43.615847 0.637753 251.191967 4.636301 0.000000
3  17 1.899769  44.689600 0.492652 260.080871 4.721577 0.000000
3  18 1.899769  45.616529 0.483181 269.040081 4.710317 0.000000
3  19 1.899769  46.591942 0.543694 277.943044 4.662362 0.000000
3  20 1.899769  47.899352 0.832694 286.664701 4.519445 0.000000
3  21 1.899769  49.350027 0.694517 295.250344 4.519173 0.000000
3  22 1.899769  50.620621 0.643113 303.812826 4.495061 0.000000
3  23 1.899769  51.954894 0.761555 312.513886 4.665062 0.000000
3  24 1.899769  53.354325 0.711709 321.640401 4.942964 0.000000
3  25 1.899769  54.597277 0.596820 330.959763 4.868083 0.000000
3  26 1.899769  55.608294 0.467538 339.783443 4.421129 0.000000
3  27 1.899769  56.412627 0.379232 348.322153 4.568078 0.000000
3  28 1.899769  57.362676 0.620941 356.583249 4.128869 0.000000
3  29 1.899769  58.411837 0.483573 364.333563 4.030347 0.000000
3  30 1.899769  59.238173 0.386360 372.061290 4.105092 0.000000
3  31 1.899769  59.791884 0.196565 379.861849 4.107020 0.000000
3  32 1.899769  60.081588 0.108424 387.492876 3.926616 0.000000
3  33 1.899769  60.438564 0.267386 394.878377 3.848539 0.000000
3  34 1.899769  61.066600 0.393785 402.518049 4.194199 0.000000
3  35 1.899769  61.774259 0.351210 410.620575 4.335812 0.000000
3  36 1.899769  62.481029 0.392849 419.088793 4.579185 0.000000
3  37 1.899769  63.330368 0.501301 427.726791 4.514549 0.000000
3  38 1.899769  64.190888 0.404621 436.642131 4.871160 0.000000
3  39 1.899769  65.019969 0.468202 446.009016 4.989916 0.000000
3  40 1.899769  65.890161 0.447900 455.404639 4.901415 0.000000
3  41 1.899769  66.635892 0.337175 464.619144 4.799242 0.000000
3  42 1.899769  67.347292 0.411758 473.597089 4.652374 0.000000
3  43 1.899769  65.727450 -2.068049 482.248983 4.210023 0.195572
3  44 1.899769  60.007681 -3.889064 489.439831 3.274103 0.256492
3  45 1.899769  51.467947 -4.921680 493.682114 1.103913 0.504415
3  46 1.899769  42.392797 -3.902944 491.545977 -3.159911 0.322068
3  47 1.899769  37.156298 -1.438608 483.615550 -4.930009 0.400523
3  48 1.899769  37.974288 2.252681 474.534686 -4.143805 0.306373
3  49 1.899769  44.025326 3.930230 468.473459 -2.051161 0.368893
3  50 1.899769  52.203617 4.324142 467.230624 0.789438 0.717205
3  51 1.899769  57.379174 0.279440 473.311164 4.626694 1.040765
3  52 1.899769  51.060586 -4.741751 477.461512 -1.896231 1.210103
3  53 1.899769  50.914611 4.748888 469.784655 -2.257617 1.388378
3  54 1.899769  55.901281 -2.768259 475.398060 4.252454 1.752703
3  55 1.899769  51.636594 3.777467 471.542347 -3.944923 1.668205
3  56 1.899769  56.281029 -3.907773 476.365241 4.080934 1.760355
3  57 1.899769  52.123382 4.632977 471.481226 -3.235080 1.785168
3  58 1.899769  55.076497 -5.260967 476.811146 1.749183 2.049225
3  59 1.899769  55.373604 5.061156 471.871784 2.404738 1.875664
3  60 1.899769  51.719106 -3.736643 476.804503 -3.952804 2.033030
3  61 1.899769  56.392043 0.256852 475.100886 5.680270 2.160219
3  62 1.899769  52.403946 4.768742 473.238322 -3.343842 2.237884
3  63 1.899769  52.869579 -4.889160 477.455616 -2.994022 2.175468
3  64 1.899769  49.243058 1.635228 467.784200 -5.672968 0.000000
3  65 1.899769  57.710275 5.929156 461.524195 0.056859 0.000000
3  66 1.899769  65.743464 1.222307 468.241477 5.970878 0.000000
3  67 1.899769  60.857180 -5.598982 477.497252 2.235917 0.000000
3  68 1.899769  50.690512 -3.472965 474.176293 -5.254249 0.000000
3  69 1.899769  51.682257 4.373611 463.184393 -4.547776 0.000000
3  70 1.899769  62.252500 4.992933 461.909374 3.453702 0.000000
3  71 1.899769  65.534214 -2.045065 471.935074 5.466229 0.000000
3  72 1.899769  56.807840 -5.737184 477.228179 -0.750877 0.000000
3  73 1.899769  49.626560 -0.680734 469.938892 -5.758461 0.000000
3  74 1.899769  54.973912 5.459597 461.142304 -2.106250 0.000000
3  75 1.899769  65.029049 3.548412 463.949381 4.579066 0.000000
3  76 1.899769  64.885607 -3.690181 474.067081 4.439310 0.000000
3  77 1.899769  54.779301 -5.358442 476.468410 -2.254316 0.000000
3  78 1.899769  49.663984 0.769947 467.369859 -5.892069 0.000000
3  79 1.899769  57.274101 6.045976 459.972661 -0.722113 0.000000
3  80 1.899769  66.019070 1.693407 465.502128 5.651870 0.000000
3  81 1.899769  62.143575 -5.165972 475.680463 3.514989 0.000000
3  82 1.899769  50.931440 -4.880183 475.171496 -3.932064 0.000000
3  83 1.899769  48.639052 2.865616 464.134826 -5.965659 0.000000
3  84 1.899769  59.074911 6.447390 458.944870 1.326974 0.000000
3  85 1.899769  71.208694 6.326564 461.493316 1.355926 0.000000
3  86 1.899769  83.180724 6.277104 464.119296 1.408599 0.000000
3  87 1.899769  95.209988 6.386818 466.824488 1.439318 0.000000
3  88 1.899769  107.277142 6.316994 469.527827 1.406648 0.000000
3  89 1.899769  119.120930 6.151666 472.169763 1.374675 0.000000
3  90 1.899769  130.798907 6.142434 474.900175 1.499792 0.000000
3  91 1.899769  142.300325 5.965792 477.569049 1.309890 0.000000
3  92 1.899769  153.462618 5.785417 479.866668 1.108949 0.000000
3  93 1.899769  163.994631 5.302259 481.532077 0.644327 0.000000
3  94 1.899769  174.138564 5.376863 482.671975 0.555710 0.000000
3  95 1.899769  184.131721 5.143528 483.648172 0.471991 0.000000
3  96 1.899769  194.017519 5.263840 484.499156 0.423890 0.000000
3  97 1.899769  204.072220 5.321343 485.290850 0.409574 0.000000
3  98 1.899769  214.006220 5.136770 485.825845 0.153647 0.000000
3  99 1.899769  223.760704 5.132355 486.125712 0.162041 0.000000
3  100 1.899769  233.497473 5.118121 486.310340 0.032328 0.000000
3  101 1.899769  243.261341 5.160883 486.404118 0.066398 0.000000
3  102 1.899769  253.036743 5.130264 486.545899 0.082863 0.000000
3  103 1.899769  262.772844 5.119509 486.562856 -0.065011 0.000000
3  104 1.899769  272.496289 5.116940 486.474980 -0.027501 0.000000
3  105 1.899769  282.347101 5.253596 486.366565 -0.086634 0.000000
4  1 1.899769  25.085646 0.090165 127.443625 3.836347 0.000000
4  2 1.899769  25.048988 -0.128757 134.808518 3.917114 0.000000
4  3 1.899769  25.081222 0.162692 142.233067 3.899150 0.000000
4  4 1.899769  25.179613 -0.059110 149.508946 3.760600 0.000000
4  5 1.899769  24.958267 -0.173913 156.622666 3.728436 0.000000
4  6 1.899769  24.407043 -0.406394 163.854330 3.884767 0.000000
4  7 1.899769  23.699328 -0.338661 171.153428 3.799428 0.000000
4  8 1.899769  23.073455 -0.320233 178.431315 3.862437 0.000000
4  9 1.899769  22.160171 -0.641235 185.535813 3.616890 0.000000
4  10 1.899769  20.914083 -0.670595 192.057056 3.248410 0.000000
4  11 1.899769  19.651978 -0.658098 198.490725 3.524697 0.000000
4  12 1.899769  18.490530 -0.564628 205.128854 3.463656 0.000000
4  13 1.899769  17.598752 -0.374200 211.499053 3.242632 0.000000
4  14 1.899769  17.020982 -0.234052 217.692582 3.277665 0.000000
4  15 1.899769  16.518786 -0.294639 223.931354 3.290261 0.000000
4  16 1.899769  15.984149 -0.268205 229.967839 3.064706 0.000000
4  17 1.899769  15.491952 -0.249961 235.786290 3.060724 0.000000
4  18 1.899769  14.992581 -0.275756 241.475044 2.928166 0.000000
4  19 1.899769  14.462226 -0.282581 247.170090 3.067347 0.000000
4  20 1.899769  14.022425 -0.180424 252.726824 2.782557 0.000000
4  21 1.899769  13.718358 -0.139686 258.135787 2.911780 0.000000
4  22 1.899769  13.560883 -0.026097 263.546264 2.784150 0.000000
4  23 1.899769  13.330772 -0.216155 268.789176 2.735375 0.000000
4  24 1.899769  12.570432 -0.584301 273.959441 2.707671 0.000000
4  25 1.899769  11.478157 -0.565602 279.471622 3.095330 0.000000
4  26 1.899769  10.007854 -0.982273 285.499331 3.250398 0.000000
4  27 1.899769  8.346947 -0.766263 291.745766 3.325596 0.000000
4  28 1.899769  6.597306 -1.075689 297.998268 3.256784 0.000000
4  29 1.899769  4.589288 -1.038271 304.218516 3.291641 0.000000
4  30 1.899769  2.823892 -0.820267 310.349033 3.162320 0.000000
4  31 1.899769  1.184177 -0.905958 316.260647 3.061187 0.000000
4  32 1.899769  -0.079521 -0.424413 322.220282 3.212876 0.000000
4  33 1.899769  -0.597348 -0.120734 328.035510 2.909160 0.000000
4  34 1.899769  -0.675019 0.038965 333.693901 3.047765 0.000000
4  35 1.899769  -0.590322 0.050201 339.162879 2.709753 0.000000
4  36 1.899769  -0.450041 0.097481 344.401158 2.804894 0.000000
4  37 1.899769  -0.335182 0.023438 349.725590 2.800452 0.000000
4  38 1.899769  -0.208076 0.110373 355.416439 3.190644 0.000000
4  39 1.899769  0.120513 0.235552 361.687182 3.410940 0.000000
4  40 1.899769  0.422612 0.082486 368.271879 3.521162 0.000000
4  41 1.899769  0.714691 0.225003 375.222314 3.795974 0.000000
4  42 1.899769  1.108044 0.189104 382.484749 3.849623 0.000000
4  43 1.899769  -0.584407 -1.922479 389.699828 3.544882 0.409760
4  44 1.899769  -6.620788 -4.121629 394.542251 1.299341 0.409598
4  45 1.899769  -14.462808 -3.706077 393.700637 -2.149454 0.292552
4  46 1.899769  -20.344792 -2.334296 387.712502 -3.997080 0.279376
4  47 1.899769  -22.534336 0.085376 379.402870 -4.542605 0.038358
4  48 1.899769  -21.991244 0.486148 370.674349 -4.642414 -0.143712
4  49 1.899769  -22.284961 -0.793499 362.209595 -4.211083 -0.390219
4  50 1.899769  -26.208802 -3.132737 355.403131 -2.625854 -0.365070
4  51 1.899769  -33.346282 -4.077256 352.594055 -0.220152 -0.338773
4  52 1.899769  -40.709793 -3.405723 354.691151 2.354055 -0.221600
4  53 1.899769  -45.925108 -2.001270 360.035749 3.183894 -0.329773
4  54 1.899769  -47.682453 0.210982 366.953963 3.863171 -0.503303
4  55 1.899769  -43.898847 3.479668 373.077240 2.086825 -0.554685
4  56 1.899769  -36.215002 3.879352 373.268742 -1.894951 -0.559648
4  57 1.899769  -31.923018 0.202603 366.723808 -4.336037 -0.376044
4  58 1.899769  -34.234049 -2.524182 358.932605 -3.519121 -0.171215
4  59 1.899769  -40.101360 -3.598858 353.315067 -2.340910 -0.103936
4  60 1.899769  -47.024262 -3.664545 349.403314 -1.764406 0.231452
4  61 1.899769  -52.673043 -2.179917 344.464482 -3.354149 0.176119
4  62 1.899769  -55.768779 -1.049547 337.307188 -4.112471 0.146283
4  63 1.899769  -56.891471 -0.126342 329.270783 -4.293739 0.072344
4  64 1.899769  -52.402180 4.133654 323.002091 -1.331101 0.000000
4  65 1.899769  -45.435021 2.052462 325.315806 3.343188 0.000000
4  66 1.899769  -46.235239 -2.768737 332.307349 2.918497 0.000000
4  67 1.899769  -53.321416 -3.569382 333.300256 -2.039102 0.000000
4  68 1.899769  -56.099075 1.082392 326.297550 -4.259803 0.000000
4  69 1.899769  -50.087579 4.265169 321.693738 0.169902 0.000000
4  70 1.899769  -44.965009 0.210947 326.884976 4.515637 0.000000
4  71 1.899769  -49.279364 -4.014267 333.398435 1.302936 0.000000
4  72 1.899769  -56.273500 -2.231635 330.744984 -3.687202 0.000000
4  73 1.899769  -55.537506 2.860210 323.519700 -2.713067 0.000000
4  74 1.899769  -48.309195 3.642980 322.783521 2.042459 0.000000
4  75 1.899769  -45.618285 -1.263060 329.586228 4.032347 0.000000
4  76 1.899769  -51.774331 -4.236158 333.598220 -0.483602 0.000000
4  77 1.899769  -56.842704 -0.243904 328.609226 -3.924471 0.000000
4  78 1.899769  -52.894385 3.772016 322.681606 -1.402778 0.000000
4  79 1.899769  -46.430287 1.952263 324.734110 3.218678 0.000000
4  80 1.899769  -47.244789 -2.683003 331.337183 2.679093 0.000000
4  81 1.899769  -53.868441 -3.228852 331.817711 -2.300910 0.000000
4  82 1.899769  -55.652008 1.667313 325.074040 -3.726441 0.000000
4  83 1.899769  -49.254950 4.049155 321.713000 0.724806 0.000000
4  84 1.899769  -44.565396 0.115546 326.956060 3.929750 0.000000
4  85 1.899769  -44.265731 0.199928 334.221853 3.719384 0.000000
4  86 1.899769  -43.903166 0.181766 341.207316 3.634628 0.000000
4  87 1.899769  -43.432124 0.314128 347.920514 3.432755 0.000000
4  88 1.899769  -42.802623 0.348586 354.680748 3.684146 0.000000
4  89 1.899769  -42.108136 0.382542 361.659921 3.663245 0.000000
4  90 1.899769  -41.256118 0.514429 368.777907 3.830282 0.000000
4  91 1.899769  -40.168409 0.630668 376.262546 4.049242 0.000000
4  92 1.899769  -38.814712 0.794450 384.023124 4.120780 0.000000
4  93 1.899769  -37.262819 0.839320 391.581322 3.836185 0.000000
4  94 1.899769  -35.785406 0.716041 398.654711 3.610392 0.000000
4  95 1.899769  -34.288290 0.860063 405.596666 3.697817 0.000000
4  96 1.899769  -32.361852 1.168013 412.781784 3.866385 0.000000
4  97 1.899769  -30.295232 1.007641 419.848689 3.573366 0.000000
4  98 1.899769  -28.048002 1.358152 426.562421 3.494579 0.000000
4  99 1.899769  -25.224632 1.614178 433.356719 3.658183 0.000000
4  100 1.899769  -22.201411 1.568546 440.191939 3.537658 0.000000
4  101 1.899769  -19.379153 1.402613 446.938710 3.565069 0.000000
4  102 1.899769  -17.105575 0.990918 453.609501 3.457669 0.000000
4  103 1.899769  -14.983928 1.242665 460.240195 3.522856 0.000000
4  104 1.899769  -12.562107 1.306931 466.949106 3.540013 0.000000
4  105 1.899769  -10.051630 1.335998 473.486033 3.341798 0.000000
5  1 1.899769  24.808923 -0.201158 127.347927 3.735599 0.000000
5  2 1.899769  24.546977 -0.074609 134.334730 3.619824 0.000000
5  3 1.899769  24.363800 -0.118232 141.451622 3.872552 0.000000
5  4 1.899769  24.360037 0.114270 148.748855 3.809679 0.000000
5  5 1.899769  24.842713 0.393871 156.454748 4.302773 0.000000
5  6 1.899769  25.608756 0.412589 164.443028 4.106965 0.000000
5  7 1.899769  26.350652 0.368450 172.471352 4.344930 0.000000
5  8 1.899769  27.065728 0.384353 180.799934 4.423064 0.000000
5  9 1.899769  28.233720 0.845261 189.347947 4.575937 0.000000
5  10 1.899769  29.914028 0.923699 198.282891 4.830411 0.000000
5  11 1.899769  31.612850 0.864752 207.712062 5.096238 0.000000
5  12 1.899769  33.325888 0.938665 217.285685 4.982484 0.000000
5  13 1.899769  34.803205 0.616595 226.690598 4.918628 0.000000
5  14 1.899769  36.015805 0.659981 236.342719 5.242734 0.000000
5  15 1.899769  37.611007 1.019383 246.328566 5.269961 0.000000
5  16 1.899769  39.796720 1.281647 256.194720 5.116725 0.000000
5  17 1.899769  42.078648 1.120674 265.866793 5.065642 0.000000
5  18 1.899769  44.376445 1.298353 275.336055 4.903214 0.000000
5  19 1.899769  46.832047 1.286806 284.890194 5.154996 0.000000
5  20 1.899769  49.070920 1.070190 294.817713 5.296294 0.000000
5  21 1.899769  51.120392 1.087411 305.142170 5.572876 0.000000
5  22 1.899769  52.885085 0.770386 315.768906 5.614521 0.000000
5  23 1.899769  54.510046 0.940306 326.349967 5.524792 0.000000
5  24 1.899769  56.194937 0.833480 336.806344 5.483257 0.000000
5  25 1.899769  57.940914 1.004613 347.191966 5.450304 0.000000
5  26 1.899769  59.767768 0.918624 358.047593 5.978061 0.000000
5  27 1.899769  61.356064 0.753469 369.321413 5.890560 0.000000
5  28 1.899769  62.945304 0.919618 380.681236 6.068601 0.000000
5  29 1.899769  64.979120 1.221501 392.250919 6.111492 0.000000
5  30 1.899769  67.104023 1.015511 403.859149 6.109182 0.000000
5  31 1.899769  68.800066 0.770014 415.526942 6.174197 0.000000
5  32 1.899769  70.345113 0.856550 427.324902 6.246217 0.000000
5  33 1.899769  71.934910 0.817123 439.189599 6.244454 0.000000
5  34 1.899769  73.709154 1.050729 450.930078 6.115447 0.000000
5  35 1.899769  75.661401 1.004518 462.722417 6.299049 0.000000
5  36 1.899769  77.410313 0.836665 474.784625 6.399555 0.000000
5  37 1.899769  79.257709 1.108198 486.953669 6.411521 0.000000
5  38 1.899769  81.487390 1.239120 499.286405 6.571883 0.000000
5  39 1.899769  83.875667 1.275160 511.928440 6.737139 0.000000
5  40 1.899769  86.298970 1.275995 524.765326 6.777014 0.000000
5  41 1.899769  88.932842 1.496838 537.569791 6.703008 0.000000
5  42 1.899769  91.538596 1.246394 550.178970 6.571424 0.000000
5  43 1.899769  90.252159 -2.565731 562.903704 6.467201 0.237953
5  44 1.899769  82.876866 -5.064837 573.775319 4.783909 0.134704
5  45 1.899769  72.198432 -6.115595 581.653433 3.465189 0.112028
5  46 1.899769  59.772555 -6.917234 587.168896 2.320184 -0.038233
5  47 1.899769  46.852786 -6.678172 591.742830 2.492808 0.215192
5  48 1.899769  33.477528 -7.207335 593.632873 -0.533153 0.328359
5  49 1.899769  20.982940 -5.516397 588.403309 -4.797677 0.332223
5  50 1.899769  13.919407 -1.672981 576.605075 -7.210696 0.605212
5  51 1.899769  18.723735 6.194409 564.004868 -4.570633 0.516073
5  52 1.899769  32.622891 7.246885 562.003223 2.637906 0.558274
5  53 1.899769  41.293284 0.984732 572.858887 7.707710 0.558764
5  54 1.899769  35.672601 -6.344707 585.717300 4.524524 0.249400
5  55 1.899769  21.841366 -7.947287 591.521879 1.478068 0.395889
5  56 1.899769  7.406139 -6.512007 588.620571 -4.388949 0.255343
5  57 1.899769  -2.467879 -3.677592 577.656707 -6.926271 -0.200038
5  58 1.899769  -11.772842 -6.000309 565.701601 -5.513114 -0.074719
5  59 1.899769  -23.854697 -6.697576 555.814211 -4.878899 0.307702
5  60 1.899769  -33.152713 -2.808225 543.427925 -7.788094 0.258486
5  61 1.899769  -34.857765 1.046409 527.811319 -8.323374 0.298508
5  62 1.899769  -28.524666 5.443596 513.467710 -6.367681 0.471919
5  63 1.899769  -14.245723 8.582284 506.981343 -0.017238 0.010862
5  64 1.899769  -2.352596 2.031255 516.149938 8.180567 0.000000
5  65 1.899769  -8.467301 -7.496279 529.777904 3.998141 0.000000
5  66 1.899769  -23.199445 -5.654555 527.522925 -5.955199 0.000000
5  67 1.899769  -24.477968 4.527238 513.128341 -6.894050 0.000000
5  68 1.899769  -10.582489 7.897780 508.662927 2.935080 0.000000
5  69 1.899769  -2.355065 -0.477949 521.313612 8.358114 0.000000
5  70 1.899769  -12.121908 -8.244321 532.336622 1.475269 0.000000
5  71 1.899769  -25.434575 -3.685020 525.410762 -7.659802 0.000000
5  72 1.899769  -22.381720 6.384139 510.721645 -5.463921 0.000000
5  73 1.899769  -7.804451 6.595428 510.384069 5.210290 0.000000
5  74 1.899769  -4.271979 -3.433558 524.977155 7.849542 0.000000
5  75 1.899769  -17.587282 -8.457120 532.157792 -1.434318 0.000000
5  76 1.899769  -27.616971 -0.474923 521.094344 -8.423563 0.000000
5  77 1.899769  -19.207317 7.968420 508.880952 -2.482740 0.000000
5  78 1.899769  -5.475466 4.288189 514.380916 7.437656 0.000000
5  79 1.899769  -7.807282 -6.400687 528.907969 5.459823 0.000000
5  80 1.899769  -22.576490 -6.777987 529.617312 -4.811023 0.000000
5  81 1.899769  -26.726554 3.075893 515.345351 -7.967568 0.000000
5  82 1.899769  -13.905260 8.353532 507.499087 0.939996 0.000000
5  83 1.899769  -3.422968 0.991991 517.748960 8.189077 0.000000
5  84 1.899769  -10.926771 -7.687349 530.540882 3.288363 0.000000
5  85 1.899769  -25.346510 -7.493168 536.807412 3.308786 0.000000
5  86 1.899769  -39.555906 -7.465909 542.973254 3.182361 0.000000
5  87 1.899769  -53.290634 -6.993455 548.869948 3.025439 0.000000
5  88 1.899769  -66.795304 -7.223714 554.377274 2.772451 0.000000
5  89 1.899769  -80.327143 -7.022059 559.686325 2.816703 0.000000
5  90 1.899769  -93.773912 -7.134155 564.922157 2.695370 0.000000
5  91 1.899769  -107.577991 -7.398220 570.087631 2.742631 0.000000
5  92 1.899769  -121.272353 -7.018649 575.420214 2.871296 0.000000
5  93 1.899769  -134.777639 -7.199169 581.092576 3.100336 0.000000
5  94 1.899769  -148.442786 -7.186943 586.587957 2.684979 0.000000
5  95 1.899769  -162.064861 -7.153825 591.489904 2.475592 0.000000
5  96 1.899769  -175.590388 -7.085302 595.524953 1.772345 0.000000
5  97 1.899769  -189.053159 -7.087759 599.053681 1.942557 0.000000
5  98 1.899769  -202.364618 -6.926005 602.673169 1.867893 0.000000
5  99 1.899769  -215.427096 -6.825643 606.292650 1.942551 0.000000
5  100 1.899769  -228.744943 -7.194847 610.033067 1.995209 0.000000
5  101 1.899769  -242.793593 -7.595002 614.078607 2.263772 0.000000
5  102 1.899769  -257.299037 -7.675742 618.467963 2.357164 0.000000
5  103 1.899769  -272.143528 -7.951936 623.155989 2.578199 0.000000
5  104 1.899769  -287.494966 -8.209436 627.978827 2.499089 0.000000
5  105 1.899769  -303.262029 -8.389488 632.734191 2.507166 0.000000
6  1 1.899769  25.002527 0.002660 127.518487 3.915159 0.000000
6  2 1.899769  24.606257 -0.419838 135.103835 4.070388 0.000000
6  3 1.899769  23.710338 -0.523349 142.886262 4.122635 0.000000
6  4 1.899769  22.936623 -0.291188 150.596679 3.994579 0.000000
6  5 1.899769  22.150799 -0.536095 158.108097 3.913137 0.000000
6  6 1.899769  21.103804 -0.566139 165.528748 3.899024 0.000000
6  7 1.899769  19.795900 -0.810769 172.723394 3.675208 0.000000
6  8 1.899769  18.675196 -0.369064 179.476614 3.434309 0.000000
6  9 1.899769  17.991987 -0.350190 185.908637 3.337064 0.000000
6  10 1.899769  17.053181 -0.638147 192.181763 3.267030 0.000000
6  11 1.899769  15.875907 -0.601239 198.271595 3.144099 0.000000
6  12 1.899769  14.381069 -0.972466 204.051344 2.940586 0.000000
6  13 1.899769  12.914560 -0.571416 209.781837 3.092245 0.000000
6  14 1.899769  11.854606 -0.544461 215.734112 3.174068 0.000000
6  15 1.899769  10.886643 -0.474571 221.734507 3.142905 0.000000
6  16 1.899769  9.927752 -0.534911 227.708286 3.146047 0.000000
6  17 1.899769  8.692942 -0.765047 233.690969 3.152279 0.000000
6  18 1.899769  7.430698 -0.563791 239.545000 3.010608 0.000000
6  19 1.899769  6.296276 -0.630483 245.245954 2.991126 0.000000
6  20 1.899769  5.120857 -0.606951 251.203712 3.280960 0.000000
6  21 1.899769  3.925919 -0.651032 257.229930 3.063198 0.000000
6  22 1.899769  2.612239 -0.731956 263.257677 3.282570 0.000000
6  23 1.899769  1.241372 -0.711237 269.319027 3.098574 0.000000
6  24 1.899769  0.234346 -0.348920 275.264261 3.160327 0.000000
6  25 1.899769  -0.631675 -0.562792 281.205849 3.094736 0.000000
6  26 1.899769  -1.670516 -0.530859 286.714375 2.704417 0.000000
6  27 1.899769  -2.622086 -0.470916 291.906170 2.761295 0.000000
6  28 1.899769  -3.615907 -0.575338 297.067313 2.672148 0.000000
6  29 1.899769  -4.701277 -0.567296 302.031916 2.554385 0.000000
6  30 1.899769  -5.908781 -0.703916 306.586708 2.240716 0.000000
6  31 1.899769  -7.411023 -0.877583 310.543529 1.924864 0.000000
6  32 1.899769  -8.888780 -0.678139 314.361619 2.094666 0.000000
6  33 1.899769  -10.162842 -0.663143 318.140224 1.883296 0.000000
6  34 1.899769  -11.309342 -0.543846 321.749231 1.916120 0.000000
6  35 1.899769  -12.711566 -0.932359 325.290782 1.812282 0.000000
6  36 1.899769  -14.539274 -0.991777 328.678861 1.754550 0.000000
6  37 1.899769  -16.288995 -0.850258 332.003865 1.745879 0.000000
6  38 1.899769  -17.904013 -0.849968 335.205802 1.624991 0.000000
6  39 1.899769  -19.642634 -0.980383 338.340580 1.675176 0.000000
6  40 1.899769  -21.506052 -0.981347 341.195008 1.329850 0.000000
6  41 1.899769  -23.306513 -0.914106 343.441209 1.034860 0.000000
6  42 1.899769  -25.092634 -0.966250 345.388839 1.015526 0.000000
6  43 1.899769  -27.327865 -1.321787 346.879664 0.516209 0.371385
6  44 1.899769  -29.768457 -1.131321 346.981536 -0.411236 0.362604
6  45 1.899769  -31.350398 -0.461710 345.608527 -0.974105 0.318918
6  46 1.899769  -31.436693 0.379960 343.675720 -0.995965 0.324008
6  47 1.899769  -30.034041 1.055172 341.932851 -0.786684 0.181847
6  48 1.899769  -28.057644 1.002202 340.299352 -0.921226 0.291802
6  49 1.899769  -25.981671 1.121491 338.935174 -0.483829 0.355976
6  50 1.899769  -23.677858 1.212050 338.934759 0.489751 0.587590
6  51 1.899769  -22.040922 0.356516 340.797111 1.258031 0.549909
6  52 1.899769  -22.572452 -0.859687 343.085954 0.927128 0.628201
6  53 1.899769  -24.880438 -1.287872 343.572959 -0.479434 0.417867
6  54 1.899769  -26.650162 -0.471585 341.955543 -1.126128 0.211221
6  55 1.899769  -27.227548 -0.129910 339.951489 -0.951651 0.133144
6  56 1.899769  -27.427308 -0.080295 338.415497 -0.655153 0.279582
6  57 1.899769  -27.223539 0.290404 336.798983 -1.016148 0.297108
6  58 1.899769  -26.086593 0.876928 335.423442 -0.384816 0.536847
6  59 1.899769  -24.590764 0.536830 335.655745 0.613804 0.430068
6  60 1.899769  -23.980939 0.077945 337.042699 0.761362 0.095858
6  61 1.899769  -23.830456 0.080431 338.424837 0.689471 -0.170522
6  62 1.899769  -23.431360 0.336396 339.690760 0.631597 -0.039423
6  63 1.899769  -22.745635 0.385171 340.838407 0.576022 0.081191
6  64 1.899769  -23.016429 -0.655512 342.104409 0.561981 0.000000
6  65 1.899769  -24.562674 -0.729128 342.543696 -0.110177 0.000000
6  66 1.899769  -25.434749 -0.046358 341.663128 -0.665579 0.000000
6  67 1.899769  -24.710264 0.703580 340.432687 -0.474051 0.000000
6  68 1.899769  -23.200156 0.647646 340.734362 0.774433 0.000000
6  69 1.899769  -23.077590 -0.527594 342.289918 0.578724 0.000000
6  70 1.899769  -24.373841 -0.619330 342.266857 -0.639626 0.000000
6  71 1.899769  -24.572248 0.436603 340.868737 -0.582623 0.000000
6  72 1.899769  -23.555724 0.435345 340.616457 0.370349 0.000000
6  73 1.899769  -23.279857 -0.177089 342.098328 1.031814 0.000000
6  74 1.899769  -24.607717 -1.002063 343.225410 -0.043382 0.000000
6  75 1.899769  -25.745858 0.018647 342.098146 -0.959430 0.000000
6  76 1.899769  -24.875268 0.726853 340.794609 -0.203264 0.000000
6  77 1.899769  -23.833691 0.173061 341.395685 0.754718 0.000000
6  78 1.899769  -24.240985 -0.508962 342.610040 0.326161 0.000000
6  79 1.899769  -25.100834 -0.226601 342.421855 -0.508108 0.000000
6  80 1.899769  -24.578200 0.738701 341.324281 -0.495229 0.000000
6  81 1.899769  -22.954810 0.720309 341.384602 0.540113 0.000000
6  82 1.899769  -22.638498 -0.453167 342.904312 0.814653 0.000000
6  83 1.899769  -24.215690 -0.964995 343.294094 -0.506220 0.000000
6  84 1.899769  -24.943429 0.324902 341.476244 -1.127376 0.000000
6  85 1.899769  -24.247609 0.407629 339.669136 -0.775075 0.000000
6  86 1.899769  -23.589089 0.285635 338.513637 -0.441388 0.000000
6  87 1.899769  -22.987453 0.347742 337.621236 -0.498095 0.000000
6  88 1.899769  -22.353030 0.320152 336.634560 -0.540638 0.000000
6  89 1.899769  -21.513484 0.563688 336.000882 -0.126473 0.000000
6  90 1.899769  -20.722709 0.268808 335.502410 -0.398298 0.000000
6  91 1.899769  -19.910005 0.586774 334.876024 -0.261136 0.000000
6  92 1.899769  -18.608917 0.782959 334.438924 -0.199026 0.000000
6  93 1.899769  -17.042361 0.866248 333.858477 -0.412046 0.000000
6  94 1.899769  -15.453182 0.806775 333.456845 -0.010776 0.000000
6  95 1.899769  -13.567627 1.178262 333.632095 0.195273 0.000000
6  96 1.899769  -11.298649 1.210426 333.780192 -0.039362 0.000000
6  97 1.899769  -8.911815 1.302336 333.625801 -0.123175 0.000000
6  98 1.899769  -6.406540 1.335116 333.704237 0.205749 0.000000
6  99 1.899769  -3.683762 1.531315 334.135503 0.248271 0.000000
6  100 1.899769  -0.498015 1.822511 334.736206 0.384125 0.000000
6  101 1.899769  2.860254 1.712939 335.845313 0.783498 0.000000
6  102 1.899769  5.870549 1.456178 337.310376 0.758860 0.000000
6  103 1.899769  8.456521 1.266227 338.758414 0.765575 0.000000
6  104 1.899769  10.717747 1.114301 340.312661 0.870673 0.000000
6  105 1.899769  13.153815 1.450292 342.092593 1.003166 0.000000
7  1 1.899769  25.187962 0.197879 127.613939 4.015647 0.000000
7  2 1.899769  25.656440 0.295315 135.273181 4.047692 0.000000
7  3 1.899769  26.323510 0.406950 143.121295 4.214484 0.000000
7  4 1.899769  27.161368 0.475112 150.964565 4.042593 0.000000
7  5 1.899769  27.904031 0.306733 158.632209 4.029591 0.000000
7  6 1.899769  28.531982 0.354349 166.293802 4.036223 0.000000
7  7 1.899769  29.122829 0.267671 173.895877 3.966934 0.000000
7  8 1.899769  29.494463 0.123570 181.619097 4.163759 0.000000
7  9 1.899769  29.524850 -0.091580 189.659500 4.300853 0.000000
7  10 1.899769  29.417681 -0.021243 198.124160 4.610398 0.000000
7  11 1.899769  29.284216 -0.119263 207.020853 4.755679 0.000000
7  12 1.899769  29.066089 -0.110372 216.014903 4.712893 0.000000
7  13 1.899769  28.582434 -0.398801 225.063523 4.813127 0.000000
7  14 1.899769  27.761287 -0.465669 234.089979 4.689559 0.000000
7  15 1.899769  26.810418 -0.535368 242.784618 4.463805 0.000000
7  16 1.899769  26.157379 -0.152125 251.371817 4.576451 0.000000
7  17 1.899769  26.008804 -0.004288 259.805780 4.302483 0.000000
7  18 1.899769  25.814498 -0.200270 268.402363 4.747651 0.000000
7  19 1.899769  25.555962 -0.071907 277.400303 4.725016 0.000000
7  20 1.899769  25.458445 -0.030755 286.168795 4.506097 0.000000
7  21 1.899769  25.360801 -0.072040 294.996481 4.787333 0.000000
7  22 1.899769  25.260990 -0.033037 304.484443 5.201209 0.000000
7  23 1.899769  24.937408 -0.307617 314.411531 5.249627 0.000000
7  24 1.899769  24.790756 0.153228 324.344140 5.207022 0.000000
7  25 1.899769  25.124209 0.197818 334.499269 5.483887 0.000000
7  26 1.899769  25.412262 0.105433 344.968057 5.537228 0.000000
7  27 1.899769  25.422975 -0.094156 355.648416 5.706622 0.000000
7  28 1.899769  25.088514 -0.257951 366.484772 5.701454 0.000000
7  29 1.899769  24.715099 -0.135164 377.363696 5.751436 0.000000
7  30 1.899769  24.604316 0.018535 388.109434 5.561241 0.000000
7  31 1.899769  24.601046 -0.021978 398.624092 5.508164 0.000000
7  32 1.899769  24.631913 0.054472 408.976954 5.390910 0.000000
7  33 1.899769  24.495516 -0.198065 419.355492 5.535194 0.000000
7  34 1.899769  24.279547 -0.029299 429.698035 5.353016 0.000000
7  35 1.899769  24.215429 -0.038202 439.948121 5.437860 0.000000
7  36 1.899769  24.184461 0.005600 450.181218 5.335129 0.000000
7  37 1.899769  24.048685 -0.148540 460.445348 5.470531 0.000000
7  38 1.899769  23.944427 0.038781 470.793010 5.423068 0.000000
7  39 1.899769  24.049919 0.072277 481.085014 5.411937 0.000000
7  40 1.899769  24.521797 0.424496 491.415891 5.463991 0.000000
7  41 1.899769  25.348858 0.446200 501.627241 5.286105 0.000000
7  42 1.899769  26.150758 0.398009 511.883513 5.511284 0.000000
7  43 1.899769  24.006771 -2.592424 522.143246 4.999726 0.642472
7  44 1.899769  15.285409 -5.395694 526.923349 -0.592014 0.680458
7  45 1.899769  8.204338 -1.003910 520.079492 -5.618858 0.941680
7  46 1.899769  14.475661 5.759546 512.985420 0.265743 1.147087
7  47 1.899769  18.300583 -3.437392 520.967846 4.470475 1.250356
7  48 1.899769  10.155912 -0.714456 518.512733 -5.819752 1.187230
7  49 1.899769  17.654169 4.920390 513.795732 3.192922 0.754696
7  50 1.899769  20.079786 -2.891034 523.878338 5.586878 0.657705
7  51 1.899769  9.875339 -6.447575 529.102517 -0.797771 0.685865
7  52 1.899769  1.939850 -0.647657 521.095762 -6.399390 0.718614
7  53 1.899769  8.331045 6.328509 511.746569 -1.850221 0.789411
7  54 1.899769  18.523099 2.314332 517.067758 6.404072 0.890491
7  55 1.899769  12.911980 -6.775341 527.097010 1.501378 0.809254
7  56 1.899769  2.844465 -1.628417 520.715277 -6.872201 0.828197
7  57 1.899769  9.126084 6.801206 510.230164 -1.838084 0.976918
7  58 1.899769  18.613779 0.267898 517.170658 6.860384 0.958450
7  59 1.899769  9.849576 -6.825038 524.586172 -1.299389 1.123472
7  60 1.899769  6.932330 5.211622 514.304964 -5.058067 0.875690
7  61 1.899769  19.210006 4.595847 515.238375 5.849172 0.805072
7  62 1.899769  17.590570 -6.031180 527.920962 4.781825 0.666129
7  63 1.899769  3.773003 -6.543508 528.473575 -4.274277 0.549171
7  64 1.899769  -0.455711 2.799956 515.593868 -7.198474 0.000000
7  65 1.899769  11.135236 7.529207 508.542937 0.885562 0.000000
7  66 1.899769  20.705128 1.029194 518.161252 7.734093 0.000000
7  67 1.899769  13.623877 -7.367099 529.851113 2.677613 0.000000
7  68 1.899769  0.485702 -4.364025 525.489894 -6.581534 0.000000
7  69 1.899769  1.494676 5.249628 511.418396 -6.013102 0.000000
7  70 1.899769  15.464325 7.246439 508.703963 3.576392 0.000000
7  71 1.899769  21.554431 -1.820633 521.760360 8.114934 0.000000
7  72 1.899769  10.033839 -8.492326 530.614094 -0.277776 0.000000
7  73 1.899769  -1.288915 -1.592020 520.875250 -8.436083 0.000000
7  74 1.899769  5.822959 7.964928 507.598929 -3.392141 0.000000
7  75 1.899769  20.262065 4.878842 511.776950 7.157737 0.000000
7  76 1.899769  18.823261 -6.230945 527.066668 6.502007 0.000000
7  77 1.899769  2.806884 -8.117077 529.295508 -4.514286 0.000000
7  78 1.899769  -3.394247 2.604409 514.231936 -8.930592 0.000000
7  79 1.899769  10.397021 9.783259 504.724743 0.450130 0.000000
7  80 1.899769  23.448057 1.864125 515.818587 9.427433 0.000000
7  81 1.899769  15.869688 -8.616073 531.189667 4.338797 0.000000
7  82 1.899769  -0.787816 -6.254012 528.137246 -7.016171 0.000000
7  83 1.899769  -1.885866 5.265137 511.490675 -7.864220 0.000000
7  84 1.899769  14.099065 9.027108 506.388640 3.321931 0.000000
7  85 1.899769  31.045419 8.813327 512.697184 3.319448 0.000000
7  86 1.899769  47.545889 8.557699 519.177565 3.502835 0.000000
7  87 1.899769  63.952416 8.714428 525.790858 3.459372 0.000000
7  88 1.899769  80.247404 8.440275 532.590583 3.699103 0.000000
7  89 1.899769  96.410987 8.576090 539.404345 3.474150 0.000000
7  90 1.899769  112.773157 8.649340 546.246095 3.728568 0.000000
7  91 1.899769  129.407708 8.862840 553.214528 3.607516 0.000000
7  92 1.899769  146.020316 8.626241 560.071442 3.611165 0.000000
7  93 1.899769  162.692017 8.925050 566.705106 3.372486 0.000000
7  94 1.899769  179.638446 8.915463 572.932286 3.183237 0.000000
7  95 1.899769  196.763066 9.112643 578.726905 2.917102 0.000000
7  96 1.899769  214.024097 9.059072 584.360556 3.013777 0.000000
7  97 1.899769  231.491435 9.329833 590.087844 3.015680 0.000000
7  98 1.899769  249.211963 9.325621 596.200601 3.419583 0.000000
7  99 1.899769  266.978425 9.378190 602.761228 3.487179 0.000000
7  100 1.899769  284.818812 9.403446 609.052413 3.135926 0.000000
7  101 1.899769  302.664943 9.384238 615.226624 3.364032 0.000000
7  102 1.899769  320.276207 9.156188 621.545352 3.288069 0.000000
7  103 1.899769  338.063276 9.569317 628.100759 3.613197 0.000000
7  104 1.899769  356.185269 9.508783 635.052629 3.705450 0.000000
7  105 1.899769  374.245829 9.504644 642.276581 3.899634 0.000000
8  1 1.899769  24.966529 -0.035237 127.756775 4.166018 0.000000
8  2 1.899769  25.006205 0.077006 136.056109 4.571184 0.000000
8  3 1.899769  25.237712 0.166715 144.683356 4.511233 0.000000
8  4 1.899769  25.753054 0.375815 153.218455 4.474174 0.000000
8  5 1.899769  26.509376 0.420410 161.717978 4.473779 0.000000
8  6 1.899769  27.228539 0.336695 170.174730 4.429147 0.000000
8  7 1.899769  28.071219 0.550445 178.992885 4.854250 0.000000
8  8 1.899769  29.383380 0.830944 188.584178 5.243075 0.000000
8  9 1.899769  30.952132 0.820575 198.417951 5.109523 0.000000
8  10 1.899769  32.238143 0.533285 208.045114 5.025564 0.000000
8  11 1.899769  33.175378 0.453399 217.728504 5.168717 0.000000
8  12 1.899769  34.176189 0.600213 227.482258 5.099640 0.000000
8  13 1.899769  34.963181 0.228300 236.903259 4.818408 0.000000
8  14 1.899769  35.255134 0.079056 246.189908 4.958200 0.000000
8  15 1.899769  35.558259 0.240062 255.133034 4.456761 0.000000
8  16 1.899769  36.265242 0.504221 263.406781 4.253505 0.000000
8  17 1.899769  37.033957 0.305051 271.318736 4.075880 0.000000
8  18 1.899769  37.513090 0.199360 279.258184 4.282450 0.000000
8  19 1.899769  38.109506 0.428523 287.561803 4.459263 0.000000
8  20 1.899769  38.744095 0.239546 295.783721 4.196439 0.000000
8  21 1.899769  39.310849 0.357109 304.087464 4.545405 0.000000
8  22 1.899769  39.835287 0.194999 312.867868 4.698248 0.000000
8  23 1.899769  40.163424 0.150450 321.818455 4.724566 0.000000
8  24 1.899769  40.415934 0.115382 330.738434 4.666026 0.000000
8  25 1.899769  40.588646 0.066442 339.448178 4.503239 0.000000
8  26 1.899769  40.593386 -0.061452 347.734124 4.219870 0.000000
8  27 1.899769  40.197583 -0.355234 356.127359 4.616187 0.000000
8  28 1.899769  39.582544 -0.292254 364.971013 4.694054 0.000000
8  29 1.899769  39.350701 0.048180 373.927277 4.734737 0.000000
8  30 1.899769  39.278413 -0.124282 383.157653 4.982628 0.000000
8  31 1.899769  38.908519 -0.265128 392.755070 5.121144 0.000000
8  32 1.899769  38.343663 -0.329529 402.839845 5.495699 0.000000
8  33 1.899769  37.705871 -0.341912 412.907050 5.102645 0.000000
8  34 1.899769  37.352290 -0.030323 422.627532 5.130685 0.000000
8  35 1.899769  37.026874 -0.312262 432.531043 5.295330 0.000000
8  36 1.899769  36.544027 -0.196059 442.615989 5.321693 0.000000
8  37 1.899769  36.159499 -0.208757 452.548254 5.134593 0.000000
8  38 1.899769  35.718608 -0.255394 462.560122 5.405497 0.000000
8  39 1.899769  35.365227 -0.116631 472.722470 5.293011 0.000000
8  40 1.899769  35.117968 -0.143674 482.568568 5.072562 0.000000
8  41 1.899769  35.026813 0.047710 492.280528 5.151795 0.000000
8  42 1.899769  35.422117 0.368450 502.065939 5.149889 0.000000
8  43 1.899769  33.394725 -2.444052 511.656552 4.675769 0.331836
8  44 1.899769  26.104575 -4.983273 518.341514 2.120044 0.211514
8  45 1.899769  15.866774 -5.652452 519.988379 -0.415316 0.214226
8  46 1.899769  5.649215 -4.954300 517.276585 -2.396966 0.295361
8  47 1.899769  -1.871512 -2.749917 510.586650 -4.454590 0.110206
8  48 1.899769  -6.136801 -1.723845 501.316212 -5.270523 -0.071348
8  49 1.899769  -10.167652 -2.513315 491.494535 -5.053603 -0.228114
8  50 1.899769  -16.836014 -4.396550 483.112937 -3.633279 -0.481265
8  51 1.899769  -27.010047 -5.557230 480.800349 1.378717 -0.669934
8  52 1.899769  -33.571645 -0.404459 488.338941 5.414211 -0.687814
8  53 1.899769  -28.338500 5.104099 496.590619 2.033806 -0.752212
8  54 1.899769  -19.158214 2.883185 493.542055 -4.658667 -0.767695
8  55 1.899769  -20.718560 -4.205281 484.047650 -3.523878 -0.667902
8  56 1.899769  -30.636736 -4.825168 483.645605 3.189684 -0.776883
8  57 1.899769  -33.167115 2.650643 493.399205 5.151932 -0.929996
8  58 1.899769  -23.684053 4.609763 495.546025 -3.478584 -1.087173
8  59 1.899769  -24.888953 -5.479861 486.253955 -2.641035 -1.206800
8  60 1.899769  -32.058523 1.505162 492.291913 6.004917 -1.416653
8  61 1.899769  -23.688693 1.102822 492.139664 -6.038287 -1.251057
8  62 1.899769  -31.227368 -4.808729 487.190194 3.498208 -1.284505
8  63 1.899769  -29.116827 5.638342 495.308758 0.174998 -1.125458
8  64 1.899769  -21.937394 0.699391 501.491760 5.314646 0.000000
8  65 1.899769  -26.721179 -4.966293 509.684722 2.009811 0.000000
8  66 1.899769  -35.595738 -2.925070 507.126713 -4.284829 0.000000
8  67 1.899769  -35.080660 3.370968 498.143981 -3.712403 0.000000
8  68 1.899769  -26.288769 4.491153 496.542722 2.263943 0.000000
8  69 1.899769  -22.790982 -1.411437 504.533807 4.865268 0.000000
8  70 1.899769  -29.905741 -4.919275 509.640560 -0.322986 0.000000
8  71 1.899769  -36.528182 -1.017353 503.854566 -4.840947 0.000000
8  72 1.899769  -32.603814 4.532433 495.938391 -2.241908 0.000000
8  73 1.899769  -24.173406 2.947230 497.662485 3.765973 0.000000
8  74 1.899769  -24.189986 -2.963495 505.895874 3.553639 0.000000
8  75 1.899769  -32.110002 -4.098768 507.964011 -1.649323 0.000000
8  76 1.899769  -36.036292 0.587795 501.127412 -4.469104 0.000000
8  77 1.899769  -30.570623 4.258467 495.549202 -0.514136 0.000000
8  78 1.899769  -24.088186 1.531767 499.491192 4.037443 0.000000
8  79 1.899769  -26.295769 -3.493376 506.656708 2.343936 0.000000
8  80 1.899769  -33.579888 -2.992300 506.446214 -2.477916 0.000000
8  81 1.899769  -35.303070 1.411061 499.461878 -3.804671 0.000000
8  82 1.899769  -29.650766 3.564605 495.564764 0.300609 0.000000
8  83 1.899769  -25.258902 0.320417 499.924485 3.602400 0.000000
8  84 1.899769  -28.750842 -3.441068 505.213328 1.110517 0.000000
8  85 1.899769  -35.356632 -3.513240 507.454721 1.249131 0.000000
8  86 1.899769  -42.073041 -3.557522 509.746641 1.163709 0.000000
8  87 1.899769  -48.700599 -3.419703 512.147503 1.363820 0.000000
8  88 1.899769  -55.278575 -3.505324 514.965283 1.602625 0.000000
8  89 1.899769  -61.772034 -3.330727 518.102054 1.699640 0.000000
8  90 1.899769  -68.326843 -3.569910 521.656053 2.041867 0.000000
8  91 1.899769  -74.851551 -3.299038 525.786295 2.306284 0.000000
8  92 1.899769  -81.123615 -3.303937 529.952127 2.079335 0.000000
8  93 1.899769  -86.986797 -2.868583 533.898846 2.075611 0.000000
8  94 1.899769  -92.456036 -2.889211 537.772293 2.002197 0.000000
8  95 1.899769  -97.771920 -2.707136 541.771306 2.207802 0.000000
8  96 1.899769  -103.018998 -2.816775 545.826441 2.061279 0.000000
8  97 1.899769  -108.599257 -3.057895 549.601107 1.912536 0.000000
8  98 1.899769  -114.647299 -3.309238 553.308601 1.990562 0.000000
8  99 1.899769  -121.051575 -3.432925 557.131032 2.033539 0.000000
8  100 1.899769  -127.875759 -3.751299 560.863858 1.896229 0.000000
8  101 1.899769  -134.828762 -3.568541 564.465135 1.895049 0.000000
8  102 1.899769  -141.642540 -3.604728 568.147003 1.981072 0.000000
8  103 1.899769  -148.580298 -3.699063 571.824814 1.890778 0.000000
8  104 1.899769  -155.305249 -3.380694 575.544793 2.025465 0.000000
8  105 1.899769  -161.386191 -3.021076 579.668340 2.315638 0.000000
9  1 1.899769  25.256588 0.270126 127.541537 3.939424 0.000000
9  2 1.899769  25.652854 0.147046 134.885240 3.791728 0.000000
9  3 1.899769  25.703173 -0.094072 142.037827 3.738226 0.000000
9  4 1.899769  25.653628 0.041913 148.856738 3.440447 0.000000
9  5 1.899769  25.849803 0.164611 155.252257 3.292496 0.000000
9  6 1.899769  26.200816 0.204922 161.468444 3.251654 0.000000
9  7 1.899769  26.625673 0.242350 167.742439 3.353355 0.000000
9  8 1.899769  26.913280 0.060430 174.353154 3.606138 0.000000
9  9 1.899769  27.249494 0.293523 181.055169 3.449472 0.000000
9  10 1.899769  27.815399 0.302238 187.598280 3.438849 0.000000
9  11 1.899769  28.538249 0.458749 194.441709 3.765635 0.000000
9  12 1.899769  29.659067 0.721203 201.844694 4.027927 0.000000
9  13 1.899769  31.025259 0.717068 209.578255 4.113652 0.000000
9  14 1.899769  32.432829 0.764764 217.296954 4.012282 0.000000
9  15 1.899769  34.012437 0.898183 224.648557 3.727187 0.000000
9  16 1.899769  35.811891 0.996210 231.726340 3.724015 0.000000
9  17 1.899769  37.937533 1.241580 239.038221 3.973637 0.000000
9  18 1.899769  39.975402 0.903806 246.503210 3.885201 0.000000
9  19 1.899769  41.245452 0.433251 253.838152 3.836729 0.000000
9  20 1.899769  42.027859 0.390436 261.227853 3.942850 0.000000
9  21 1.899769  42.783474 0.405045 268.635256 3.855364 0.000000
9  22 1.899769  43.914086 0.785217 275.840360 3.729878 0.000000
9  23 1.899769  44.913347 0.266764 283.056234 3.866700 0.000000
9  24 1.899769  45.261134 0.099373 290.187730 3.641051 0.000000
9  25 1.899769  45.363395 0.008283 297.222456 3.764824 0.000000
9  26 1.899769  45.529267 0.166341 304.696598 4.103650 0.000000
9  27 1.899769  45.848670 0.169913 312.504734 4.116439 0.000000
9  28 1.899769  46.282689 0.287005 320.443865 4.241556 0.000000
9  29 1.899769  46.553460 -0.001948 328.262521 3.989609 0.000000
9  30 1.899769  46.689680 0.145355 336.034279 4.192183 0.000000
9  31 1.899769  47.137744 0.326347 344.132184 4.332963 0.000000
9  32 1.899769  47.649003 0.211886 352.372786 4.342408 0.000000
9  33 1.899769  48.270346 0.442240 360.854158 4.586437 0.000000
9  34 1.899769  49.092379 0.423163 369.569635 4.588864 0.000000
9  35 1.899769  50.377508 0.929769 377.991540 4.277376 0.000000
9  36 1.899769  52.118871 0.903468 385.891032 4.038890 0.000000
9  37 1.899769  53.675025 0.734788 393.322079 3.784216 0.000000
9  38 1.899769  54.942544 0.599605 400.492031 3.764019 0.000000
9  39 1.899769  55.826548 0.331038 407.391862 3.499843 0.000000
9  40 1.899769  56.200240 0.062370 414.149971 3.614820 0.000000
9  41 1.899769  56.261320 0.001933 420.785294 3.370580 0.000000
9  42 1.899769  56.265922 0.002912 427.214697 3.398034 0.000000
9  43 1.899769  54.573585 -1.733388 433.532454 3.077890 0.199775
9  44 1.899769  50.273750 -2.738698 438.450802 2.035467 0.251666
9  45 1.899769  44.255610 -3.477905 441.149817 0.755599 0.205512
9  46 1.899769  37.349820 -3.702172 441.052181 -0.860072 0.209018
9  47 1.899769  30.826021 -3.075255 438.022846 -2.287903 0.361638
9  48 1.899769  27.201130 -0.575675 431.959640 -3.847193 0.280830
9  49 1.899769  27.861202 1.248960 424.433360 -3.894219 0.347987
9  50 1.899769  32.503455 3.462039 418.598659 -2.012141 0.089472
9  51 1.899769  39.326185 3.703234 415.255048 -1.499644 0.187754
9  52 1.899769  46.969246 4.260414 413.804718 -0.009896 0.195357
9  53 1.899769  55.199647 4.308382 415.388342 1.659311 0.166728
9  54 1.899769  62.729674 3.552329 419.955799 3.110459 0.369908
9  55 1.899769  66.848670 0.599871 427.256958 4.239091 0.429622
9  56 1.899769  64.620583 -2.821943 434.748141 3.196484 0.317024
9  57 1.899769  57.656279 -4.291542 438.725627 0.858115 -0.130610
9  58 1.899769  49.677297 -4.065864 441.244530 1.779518 0.167088
9  59 1.899769  41.609311 -4.355821 443.221073 0.282637 0.234608
9  60 1.899769  33.474820 -4.065833 441.907768 -1.642598 0.144108
9  61 1.899769  26.412455 -3.321713 437.893076 -2.556700 0.260999
9  62 1.899769  21.495729 -1.748826 431.913416 -3.604311 0.256522
9  63 1.899769  19.658626 -0.152638 424.256669 -4.302168 0.315740
9  64 1.899769  24.405838 4.435847 418.433805 -0.846878 0.000000
9  65 1.899769  31.644372 2.053144 421.966784 3.982564 0.000000
9  66 1.899769  29.937116 -3.613249 429.848772 3.074575 0.000000
9  67 1.899769  21.816282 -3.599602 430.337733 -2.613445 0.000000
9  68 1.899769  19.278667 1.272123 422.649525 -4.274446 0.000000
9  69 1.899769  25.737591 4.501831 418.111726 0.224288 0.000000
9  70 1.899769  31.841741 0.964608 423.486178 4.600899 0.000000
9  71 1.899769  27.913409 -4.513914 430.934679 2.052040 0.000000
9  72 1.899769  19.217681 -3.282204 428.806071 -3.963058 0.000000
9  73 1.899769  18.480286 2.544752 419.487116 -4.397403 0.000000
9  74 1.899769  26.462685 4.529322 416.088087 1.352011 0.000000
9  75 1.899769  31.427036 -0.072758 423.015642 4.853242 0.000000
9  76 1.899769  25.783011 -5.008718 429.537267 0.948376 0.000000
9  77 1.899769  17.624570 -2.303961 425.434870 -4.606392 0.000000
9  78 1.899769  19.413036 3.896695 416.049478 -3.851439 0.000000
9  79 1.899769  28.923308 4.580885 415.039737 2.965105 0.000000
9  80 1.899769  32.068941 -1.769849 424.416823 5.452063 0.000000
9  81 1.899769  24.066697 -5.313587 429.808199 -0.677984 0.000000
9  82 1.899769  17.721605 -0.305326 422.894469 -5.525836 0.000000
9  83 1.899769  23.156941 5.133991 415.324331 -1.164627 0.000000
9  84 1.899769  31.850413 2.676540 419.666719 5.101483 0.000000
9  85 1.899769  36.942410 2.684108 429.148254 4.880293 0.000000
9  86 1.899769  42.081784 2.726416 438.470335 4.933616 0.000000
9  87 1.899769  47.124066 2.581893 448.049267 5.150695 0.000000
9  88 1.899769  51.831564 2.373970 458.126649 5.458364 0.000000
9  89 1.899769  56.353714 2.386767 468.526955 5.490656 0.000000
9  90 1.899769  60.920925 2.421408 479.153270 5.696298 0.000000
9  91 1.899769  65.733053 2.644605 490.065991 5.792173 0.000000
9  92 1.899769  70.966087 2.864521 501.164932 5.892343 0.000000
9  93 1.899769  76.336044 2.788752 512.310493 5.841252 0.000000
9  94 1.899769  81.843979 3.009779 523.614855 6.059523 0.000000
9  95 1.899769  87.633907 3.085622 535.260580 6.200624 0.000000
9  96 1.899769  93.436758 3.023383 546.961424 6.117551 0.000000
9  97 1.899769  99.133307 2.973713 558.857725 6.406393 0.000000
9  98 1.899769  104.340204 2.507898 570.758849 6.122628 0.000000
9  99 1.899769  108.994535 2.391993 582.324231 6.052937 0.000000
9  100 1.899769  113.252256 2.090364 593.763535 5.989899 0.000000
9  101 1.899769  117.108187 1.969004 605.172895 6.021412 0.000000
9  102 1.899769  120.923516 2.047620 616.498389 5.901609 0.000000
9  103 1.899769  124.529156 1.748251 627.531225 5.713314 0.000000
9  104 1.899769  128.372905 2.298292 638.107613 5.421079 0.000000
9  105 1.899769  132.968945 2.540232 648.374994 5.388004 0.000000
10  1 1.899769  24.954464 -0.047939 127.554427 3.952995 0.000000
10  2 1.899769  24.781851 -0.133781 135.055183 3.943496 0.000000
10  3 1.899769  24.241026 -0.435577 142.716367 4.121888 0.000000
10  4 1.899769  23.536892 -0.305707 150.507704 4.080516 0.000000
10  5 1.899769  22.862432 -0.404337 158.660223 4.502125 0.000000
10  6 1.899769  22.095201 -0.403372 167.160331 4.446444 0.000000
10  7 1.899769  21.454316 -0.271326 175.330115 4.154373 0.000000
10  8 1.899769  21.474930 0.293027 183.025957 3.947498 0.000000
10  9 1.899769  21.850254 0.102099 190.662615 4.092065 0.000000
10  10 1.899769  21.665276 -0.296836 198.020655 3.654181 0.000000
10  11 1.899769  21.255635 -0.134417 205.164524 3.866594 0.000000
10  12 1.899769  20.792445 -0.353211 212.231049 3.572757 0.000000
10  13 1.899769  20.253510 -0.214158 218.882040 3.429136 0.000000
10  14 1.899769  20.143798 0.098658 225.479405 3.516303 0.000000
10  15 1.899769  20.282658 0.047528 231.967223 3.313810 0.000000
10  16 1.899769  20.334518 0.007069 238.226993 3.276223 0.000000
10  17 1.899769  20.384778 0.045843 244.305928 3.123434 0.000000
10  18 1.899769  20.400056 -0.029758 250.393169 3.284966 0.000000
10  19 1.899769  20.333178 -0.040648 256.299344 2.932815 0.000000
10  20 1.899769  20.307516 0.013632 262.011973 3.081210 0.000000
10  21 1.899769  20.152692 -0.176624 268.275936 3.513237 0.000000
10  22 1.899769  20.022641 0.039712 275.099942 3.670800 0.000000
10  23 1.899769  20.113075 0.055493 281.933106 3.522878 0.000000
10  24 1.899769  20.520174 0.373085 288.384218 3.268592 0.000000
10  25 1.899769  21.110282 0.248157 294.549920 3.222409 0.000000
10  26 1.899769  21.461464 0.121552 300.494458 3.035760 0.000000
10  27 1.899769  21.608145 0.032868 305.854899 2.607495 0.000000
10  28 1.899769  21.776453 0.144321 310.776898 2.574186 0.000000
10  29 1.899769  22.211416 0.313590 316.044764 2.971609 0.000000
10  30 1.899769  22.536107 0.028231 321.640601 2.919461 0.000000
10  31 1.899769  22.600961 0.040045 326.863173 2.578651 0.000000
10  32 1.899769  22.784541 0.153220 331.866035 2.688159 0.000000
10  33 1.899769  23.021316 0.096048 336.467693 2.156281 0.000000
10  34 1.899769  23.224305 0.117651 340.436308 2.021716 0.000000
10  35 1.899769  23.720033 0.404231 344.210467 1.951565 0.000000
10  36 1.899769  24.466480 0.381598 347.965717 2.001810 0.000000
10  37 1.899769  25.339521 0.537503 351.597273 1.821344 0.000000
10  38 1.899769  26.491403 0.675151 355.168144 1.937924 0.000000
10  39 1.899769  28.042518 0.957800 358.892359 1.982779 0.000000
10  40 1.899769  29.854908 0.950210 362.750768 2.079198 0.000000
10  41 1.899769  31.494966 0.776376 366.411271 1.774431 0.000000
10  42 1.899769  33.097771 0.910993 369.868899 1.865620 0.000000
10  43 1.899769  33.991906 0.011533 373.865889 2.232355 0.174243
10  44 1.899769  33.427998 -0.598702 378.076911 2.160703 -0.251759
10  45 1.899769  33.274960 0.440238 382.012233 1.897291 -0.527987
10  46 1.899769  35.877218 2.087056 384.915110 0.921331 -0.524125
10  47 1.899769  40.130117 2.023747 384.334149 -1.502773 -0.684358
10  48 1.899769  41.171830 -1.116465 380.023588 -2.381526 -0.581185
10  49 1.899769  37.291145 -2.535525 377.274780 -0.228112 -0.799763
10  50 1.899769  33.688295 -0.533058 379.905160 2.423449 -0.492936
10  51 1.899769  34.900285 1.720624 383.901081 1.439686 -0.582715
10  52 1.899769  38.900618 2.050968 384.402389 -0.975353 -0.584284
10  53 1.899769  41.258583 0.186682 381.098415 -2.122724 -0.856250
10  54 1.899769  39.060733 -1.917153 378.498955 0.043723 -0.953910
10  55 1.899769  37.335820 0.679551 380.743457 1.545514 -0.733450
10  56 1.899769  39.971488 1.628963 381.945773 -0.510663 -0.839085
10  57 1.899769  41.407132 -0.424656 379.461540 -1.500071 -0.814138
10  58 1.899769  39.344982 -1.238911 378.307415 0.576631 -0.758094
10  59 1.899769  38.478500 0.507520 380.354123 1.167774 -0.818242
10  60 1.899769  40.292954 0.955249 381.301833 -0.350628 -0.823895
10  61 1.899769  40.965675 -0.412132 379.886641 -0.785247 -0.531472
10  62 1.899769  39.883833 -0.604146 378.753785 -0.326565 -0.760816
10  63 1.899769  38.723919 -0.395931 379.290564 0.840578 -0.645529
10  64 1.899769  37.152172 -1.024688 379.875638 -0.342257 0.000000
10  65 1.899769  35.915304 -0.109632 378.001497 -1.376593 0.000000
10  66 1.899769  37.236804 1.285729 376.202597 -0.192736 0.000000
10  67 1.899769  39.298777 0.566257 377.087128 0.943052 0.000000
10  68 1.899769  39.018376 -0.823045 379.012238 0.775906 0.000000
10  69 1.899769  37.072311 -0.908130 379.347637 -0.451792 0.000000
10  70 1.899769  36.326138 0.245481 377.965670 -0.744891 0.000000
10  71 1.899769  37.595044 0.906341 377.337621 0.206269 0.000000
10  72 1.899769  38.613207 0.000337 378.595052 0.914090 0.000000
10  73 1.899769  37.523353 -0.988767 379.624576 -0.033107 0.000000
10  74 1.899769  36.103399 -0.292494 378.462781 -1.010651 0.000000
10  75 1.899769  36.737394 0.849036 376.782469 -0.483214 0.000000
10  76 1.899769  38.306157 0.530074 377.023447 0.696428 0.000000
10  77 1.899769  38.087823 -0.756392 378.494781 0.605822 0.000000
10  78 1.899769  36.621183 -0.514436 378.667141 -0.427208 0.000000
10  79 1.899769  36.720290 0.658596 377.574264 -0.539067 0.000000
10  80 1.899769  38.709550 1.195733 377.669790 0.644672 0.000000
10  81 1.899769  39.839384 -0.159438 379.711433 1.153672 0.000000
10  82 1.899769  38.365236 -1.156440 381.012521 -0.012159 0.000000
10  83 1.899769  36.677588 -0.365794 379.753100 -1.109857 0.000000
10  84 1.899769  37.322046 0.932358 377.606576 -0.840057 0.000000
10  85 1.899769  39.170828 1.013964 375.772879 -1.090385 0.000000
10  86 1.899769  41.120726 1.038810 374.003528 -0.772316 0.000000
10  87 1.899769  43.015078 0.955486 372.551740 -0.756068 0.000000
10  88 1.899769  44.662730 0.779095 370.823470 -1.063383 0.000000
10  89 1.899769  45.929994 0.555030 368.876253 -0.986568 0.000000
10  90 1.899769  46.876875 0.441807 366.751952 -1.249810 0.000000
10  91 1.899769  47.738182 0.464943 364.562406 -1.055256 0.000000
10  92 1.899769  48.454085 0.288731 362.380320 -1.241955 0.000000
10  93 1.899769  49.404744 0.712084 360.077036 -1.182849 0.000000
10  94 1.899769  50.899987 0.862048 357.818451 -1.194898 0.000000
10  95 1.899769  52.724168 1.058376 355.673864 -1.062837 0.000000
10  96 1.899769  54.815170 1.142946 353.720719 -0.993356 0.000000
10  97 1.899769  56.933654 1.087308 351.781644 -1.048024 0.000000
10  98 1.899769  59.184840 1.282648 349.764764 -1.075265 0.000000
10  99 1.899769  61.668513 1.332062 347.593346 -1.210716 0.000000
10  100 1.899769  64.112723 1.241104 345.287458 -1.216829 0.000000
10  101 1.899769  66.594302 1.371401 343.035764 -1.153663 0.000000
10  102 1.899769  69.144605 1.313454 341.029764 -0.958172 0.000000
10  103 1.899769  71.829361 1.512949 339.154995 -1.015509 0.000000
10  104 1.899769  74.546334 1.347370 337.076226 -1.172935 0.000000
10  105 1.899769  77.181164 1.426472 334.704050 -1.324397 0.000000
