nmc=11
nx=6
kmax=93
run number  , frame , sample interval , truth:
1  1 1.709471  186.445110 118.112128 67.943915 253.390071 168.877232 50.131071
1  2 1.709471  487.596135 234.220208 67.920458 615.091292 254.295946 49.967911
1  3 1.709471  987.114251 350.192164 67.840829 1122.914298 339.832751 50.036991
1  4 1.709471  1684.930455 466.219514 67.873233 1777.034025 425.456133 50.087637
1  5 1.709471  2581.106623 582.263861 67.883176 2577.507474 511.059626 50.076002
1  6 1.709471  3678.409045 701.527640 69.766466 3524.793153 597.219439 50.401436
1  7 1.709471  4979.635032 820.844705 69.797638 4618.469716 682.329980 49.787637
1  8 1.709471  6485.529689 940.980223 70.276413 5856.985961 766.674959 49.339801
1  9 1.709471  8196.869957 1061.206272 70.329372 7238.977294 850.188989 48.853716
1  10 1.709471  10114.782772 1182.660251 71.047681 8763.957736 933.965398 49.007201
1  11 1.709471  12238.847492 1302.394169 70.041487 10434.060496 1019.975179 50.313671
1  12 1.709471  14563.828056 1417.722206 67.464151 12248.146170 1102.418541 48.227401
1  13 1.709471  17084.700507 1531.578335 66.603120 14201.368023 1182.757872 46.996593
1  14 1.709471  19798.885287 1643.888411 65.698717 16290.140188 1261.005941 45.773255
1  15 1.709471  22703.994152 1754.950407 64.968619 18511.004265 1337.299110 44.629684
1  16 1.709471  25798.095589 1865.000708 64.376801 20863.047503 1414.479302 45.148572
1  17 1.709471  29080.198208 1974.902824 64.290117 23347.009631 1491.637921 45.135952
1  18 1.709471  32551.616496 2086.491011 65.276428 25963.812101 1569.896167 45.779208
1  19 1.709471  36211.967231 2195.944777 64.027843 28714.624372 1648.422996 45.936323
1  20 1.709471  40058.582846 2304.412037 63.450760 31600.446962 1727.851801 46.463957
1  21 1.709471  44091.789171 2414.247009 64.250840 34623.342164 1808.791415 47.347744
1  22 1.709471  48313.189187 2524.589680 64.547831 37783.840053 1888.840382 46.826736
1  23 1.709471  52723.072922 2634.763970 64.449333 41082.636372 1970.593982 47.823907
1  24 1.709471  57321.258872 2744.894291 64.423612 44520.632992 2051.698096 47.443973
1  25 1.709471  62106.007054 2853.032883 63.258498 48098.380285 2134.095604 48.200578
1  26 1.709471  67074.119648 2959.421909 62.235043 51819.470033 2219.401932 49.902167
1  27 1.709471  72224.353598 3066.106183 62.407757 55686.905842 2305.313517 50.256228
1  28 1.709471  77556.748315 3172.541318 62.262016 59699.496957 2389.226716 49.087221
1  29 1.709471  83071.994244 3280.033381 62.880293 63858.261588 2476.329558 50.953086
1  30 1.709471  88773.344294 3390.274264 64.488288 68165.369826 2562.781663 50.572419
1  31 1.709471  94662.090172 3499.277562 63.764330 72619.439941 2648.267944 50.007436
1  32 1.709471  100735.222750 3605.997910 62.428859 77219.466528 2733.543775 49.884328
1  33 1.709471  106986.767917 3708.011782 59.675683 81965.637943 2819.250422 50.136345
1  34 1.709471  113414.361812 3811.966525 60.811046 86857.887133 2904.447805 49.838437
1  35 1.709471  120021.191837 3917.709505 61.857122 91898.886485 2993.281018 51.965311
1  36 1.709471  126807.117294 4021.499640 60.714754 97093.130357 3083.736585 52.914350
1  37 1.709471  133769.907455 4124.632774 60.330424 102442.709738 3175.016153 53.396370
1  38 1.709471  140909.557602 4228.417389 60.711525 107949.939620 3268.180154 54.498719
1  39 1.709471  148224.902605 4330.187376 59.533016 113617.018033 3362.031310 54.900688
1  40 1.709471  155712.789318 4430.282960 58.553530 119444.700499 3456.079237 55.015795
1  41 1.709471  163371.012306 4529.472694 58.023629 125433.945850 3551.052179 55.556906
1  42 1.709471  171199.584227 4629.583088 58.562194 131584.799491 3645.153230 55.046871
1  43 1.709471  179198.399743 4728.649579 57.951535 137895.690189 3738.287902 54.481562
1  44 1.709471  187367.576976 4828.898172 58.643036 144368.909665 3835.070159 56.615313
1  45 1.709471  195707.995503 4928.993727 58.553513 151007.203076 3931.416533 56.360331
1  46 1.709471  204220.142478 5029.812266 58.976441 157810.002940 4027.534864 56.226932
1  47 1.709471  212904.763735 5130.780412 59.063958 164776.931584 4123.439378 56.101854
1  48 1.709471  221761.869557 5231.610979 58.983477 171907.696273 4219.215222 56.026585
1  49 1.709471  230791.297104 5332.388612 58.952512 179201.964656 4314.730902 55.874396
1  50 1.709471  239992.911565 5433.061456 58.891213 186659.654593 4410.410646 55.970368
1  51 1.709471  249366.666471 5533.784723 58.920709 194280.848943 4506.023267 55.931103
1  52 1.709471  258912.438142 5634.312867 58.806567 202065.499256 4601.646328 55.937210
1  53 1.709471  268630.035234 5734.812272 58.789755 210013.514024 4697.151888 55.868475
1  54 1.709471  278519.425914 5835.303170 58.784779 218124.897915 4792.780410 55.940405
1  55 1.709471  288580.394701 5935.550475 58.642283 226399.823468 4888.487833 55.986560
1  56 1.709471  298812.580801 6035.619260 58.537853 234837.942751 4983.709290 55.702282
1  57 1.709471  309215.842808 6135.701128 58.545506 243438.567634 5078.611634 55.515608
1  58 1.709471  319790.362767 6235.982895 58.662442 252201.341340 5173.415681 55.458107
1  59 1.709471  330536.318436 6336.272733 58.667164 261126.122269 5268.152358 55.418697
1  60 1.709471  341452.024952 6434.583291 57.509332 270213.890875 5364.103489 56.129124
1  61 1.709471  352537.057199 6534.375762 58.376216 279469.238073 5464.211319 58.560693
1  62 1.709471  363792.720467 6634.213447 58.402665 288897.134528 5565.977890 59.531017
1  63 1.709471  375221.112947 6736.460703 59.812207 298501.566500 5670.749456 61.288868
1  64 1.709471  386825.961152 6840.658230 60.953069 308285.691626 5776.210308 61.692084
1  65 1.709471  398607.918560 6943.670022 60.259442 318250.115187 5881.690027 61.703120
1  66 1.709471  410568.759508 7049.943441 62.167415 328394.611619 5986.886979 61.537708
1  67 1.709471  422709.824207 7154.523216 61.176675 338720.245942 6093.612721 62.432014
1  68 1.709471  435030.964320 7260.623086 62.065893 349229.893169 6202.173301 63.505351
1  69 1.709471  447535.739982 7369.368052 63.613212 359925.369754 6311.024207 63.675185
1  70 1.709471  460223.892996 7475.165840 61.889183 370807.178284 6420.172789 63.849318
1  71 1.709471  473091.835287 7579.712932 61.157556 381872.458167 6525.676941 61.717413
1  72 1.709471  486138.421368 7684.170554 61.105217 393117.968411 6631.033715 61.631201
1  73 1.709471  499362.472853 7787.338992 60.351076 404544.967159 6738.009834 62.578479
1  74 1.709471  512762.791005 7890.394148 60.284809 416156.160885 6846.533055 63.483496
1  75 1.709471  526337.645460 7991.538142 59.166825 427955.521441 6958.156052 65.296791
1  76 1.709471  540084.989183 8092.198366 58.883831 439948.109387 7072.599885 66.946914
1  77 1.709471  554003.902595 8192.266495 58.537469 452135.949989 7186.592347 66.682872
1  78 1.709471  568092.556484 8290.786628 57.631929 464519.704617 7301.809952 67.399551
1  79 1.709471  582345.514890 8384.494943 54.817130 477100.201935 7416.771912 67.250006
1  80 1.709471  596759.765393 8479.490689 55.570246 489876.979447 7531.448417 67.083021
1  81 1.709471  611336.942831 8575.111687 55.936004 502848.991112 7645.186559 66.534101
1  82 1.709471  626074.723922 8667.389303 53.980205 516016.197605 7759.817056 67.056107
1  83 1.709471  640971.321333 8760.919208 54.712764 529380.173681 7875.397588 67.611855
1  84 1.709471  656027.017921 8853.527751 54.173789 542943.642368 7993.213896 68.919731
1  85 1.709471  671238.465583 8943.140537 52.421342 556707.160810 8109.446260 67.993161
1  86 1.709471  686603.163647 9032.823413 52.462344 570669.979553 8226.385743 68.406809
1  87 1.709471  702123.983661 9125.795773 54.386614 584833.746427 8344.545991 69.120927
1  88 1.709471  717805.754694 9221.128427 55.767329 599201.536886 8465.083606 70.511630
1  89 1.709471  733649.576126 9315.387013 55.139025 613776.878031 8587.370395 71.534855
1  90 1.709471  749653.941942 9408.957698 54.736620 628563.310084 8712.049901 72.934538
1  91 1.709471  765821.012396 9505.743681 56.617492 643561.709746 8835.362388 72.134865
1  92 1.709471  782156.032636 9605.450936 58.326367 658769.966416 8957.572592 71.490055
1  93 1.709471  798660.395041 9703.865939 57.570430 674187.368092 9080.052070 71.647574
2  1 1.709471  186.739753 118.456846 68.145566 253.521504 169.031001 50.221023
2  2 1.709471  488.982703 235.152990 68.264461 616.204346 255.290626 50.459823
2  3 1.709471  991.050593 352.242496 68.494569 1126.306086 341.504082 50.432816
2  4 1.709471  1693.262228 469.311626 68.482650 1783.786986 427.717215 50.432627
2  5 1.709471  2595.571725 586.347452 68.463167 2588.790746 514.098791 50.531162
2  6 1.709471  3695.956299 701.050019 67.098266 3541.861238 600.948230 50.804851
2  7 1.709471  4992.343086 815.660695 67.044512 4644.088769 688.605414 51.277362
2  8 1.709471  6483.480985 928.899530 66.242018 5895.496308 775.481723 50.820569
2  9 1.709471  8169.497159 1043.658984 67.131544 7293.090750 859.637119 49.228900
2  10 1.709471  10050.662986 1157.215316 66.427746 8833.458922 942.520178 48.484613
2  11 1.709471  12128.050184 1273.228629 67.865022 10516.185313 1026.189446 48.944527
2  12 1.709471  14405.401688 1391.164017 68.989390 12343.372988 1111.532990 49.923938
2  13 1.709471  16884.326449 1509.059726 68.966178 14316.649603 1197.106538 50.058485
2  14 1.709471  19566.108074 1628.496874 69.867883 16436.323069 1282.810323 50.134670
2  15 1.709471  22449.056069 1744.414785 67.809214 18699.097261 1364.527564 47.802638
2  16 1.709471  25532.040989 1862.530536 69.094898 21102.378666 1447.197060 48.359683
2  17 1.709471  28816.889279 1980.585300 69.059222 23649.807664 1533.173374 50.294094
2  18 1.709471  32303.028955 2098.031857 68.703435 26343.731921 1618.589525 49.966411
2  19 1.709471  35990.573397 2216.219272 69.136820 29181.885641 1701.914967 48.743397
2  20 1.709471  39879.374091 2333.492072 68.601791 32165.709499 1789.016640 50.952401
2  21 1.709471  43970.746253 2453.218229 70.036947 35300.176943 1878.160778 52.147195
2  22 1.709471  48266.609473 2572.736857 69.915547 38586.988213 1967.251650 52.116035
2  23 1.709471  52765.269620 2690.480962 68.877494 42027.016231 2057.417067 52.744619
2  24 1.709471  57468.237078 2811.766666 70.949245 45620.310932 2146.566359 52.150210
2  25 1.709471  62380.768096 2935.660333 72.474841 49369.135260 2239.379312 54.293365
2  26 1.709471  67502.854064 3056.935963 70.943352 53276.309126 2331.827766 54.080141
2  27 1.709471  72831.784895 3177.658958 70.620073 57342.722377 2425.681799 54.902371
2  28 1.709471  78368.759354 3300.337085 71.763779 61571.006906 2521.209442 55.881393
2  29 1.709471  84117.286468 3425.165475 73.021631 65963.461273 2617.752679 56.475492
2  30 1.709471  90077.132459 3547.570092 71.603782 70519.609428 2712.723367 55.555588
2  31 1.709471  96244.061315 3667.442551 70.122530 75238.249422 2807.860381 55.652884
2  32 1.709471  102615.445204 3786.772731 69.805310 80120.449828 2904.081249 56.286913
2  33 1.709471  109190.796619 3906.074827 69.788881 85167.793867 3001.070555 56.736432
2  34 1.709471  115968.549902 4023.573264 68.733784 90380.868466 3097.978098 56.688602
2  35 1.709471  122949.541385 4143.853829 70.361262 95759.254526 3194.477082 56.449604
2  36 1.709471  130135.925909 4263.873325 70.208544 101305.061996 3293.853163 58.132638
2  37 1.709471  137525.945795 4382.097492 69.158318 107020.891389 3393.394622 58.229380
2  38 1.709471  145121.350022 4504.163207 71.405533 112907.337685 3493.466804 58.539840
2  39 1.709471  152925.247837 4626.025047 71.286270 118964.456017 3593.072764 58.267111
2  40 1.709471  160937.356252 4747.759679 71.211857 125191.318204 3692.059018 57.904598
2  41 1.709471  169157.201088 4869.066752 70.961745 131586.782803 3790.329545 57.485915
2  42 1.709471  177583.178732 4988.925233 70.114354 138150.480798 3888.884068 57.652046
2  43 1.709471  186209.700862 5103.694236 67.137130 144884.126305 3989.160027 58.659045
2  44 1.709471  195031.824294 5217.769428 66.731267 151785.363702 4084.958588 56.039874
2  45 1.709471  204049.767412 5332.793929 67.286590 158851.475673 4182.055415 56.799328
2  46 1.709471  213266.033703 5449.798082 68.444640 166083.121856 4278.625723 56.491328
2  47 1.709471  222682.109801 5566.561874 68.304033 173480.089524 4375.473666 56.653737
2  48 1.709471  232297.524822 5683.015115 68.122369 181042.208442 4471.844811 56.374822
2  49 1.709471  242112.030747 5799.488737 68.134291 188769.119632 4568.272763 56.408053
2  50 1.709471  252125.645762 5915.963254 68.134815 196660.841538 4664.665488 56.387446
2  51 1.709471  262338.505930 6032.596062 68.227411 204717.395302 4761.118176 56.422522
2  52 1.709471  272750.655627 6149.122499 68.165187 212939.041103 4857.815298 56.565510
2  53 1.709471  283362.008857 6265.654696 68.168556 221325.985578 4954.509741 56.563943
2  54 1.709471  294172.400527 6381.987980 68.052197 229878.241054 5051.221284 56.573946
2  55 1.709471  305181.919922 6498.624638 68.229664 238595.753391 5147.852388 56.526892
2  56 1.709471  316390.826573 6615.261560 68.229818 247478.546956 5244.592437 56.590621
2  57 1.709471  327799.223013 6732.018177 68.299836 256526.857145 5341.498946 56.687997
2  58 1.709471  339407.206628 6848.769036 68.296468 265740.870435 5438.457161 56.718244
2  59 1.709471  351214.696213 6965.430646 68.244260 275121.760737 5536.737092 57.491416
2  60 1.709471  363219.978138 7080.176641 67.123671 284672.791953 5637.513916 58.952039
2  61 1.709471  375423.069932 7196.858758 68.256256 294396.931161 5739.265186 59.522066
2  62 1.709471  387828.111818 7316.448618 69.957216 304294.975017 5840.974061 59.497267
2  63 1.709471  400436.365400 7434.606750 69.119690 314366.753210 5942.526075 59.405507
2  64 1.709471  413247.168800 7553.422245 69.504231 324611.240497 6043.035462 58.795595
2  65 1.709471  426262.717580 7674.149081 70.622320 335026.522419 6142.347653 58.095263
2  66 1.709471  439487.300018 7797.981655 72.439103 345609.179259 6238.856133 56.455159
2  67 1.709471  452922.585131 7920.661161 71.764586 356357.112507 6335.713167 56.659055
2  68 1.709471  466568.262536 8044.130603 72.226679 367272.502722 6434.772800 57.947523
2  69 1.709471  480426.754560 8169.644115 73.422412 378356.639945 6533.139117 57.541950
2  70 1.709471  494502.487521 8298.292137 75.256025 389607.521176 6629.855338 56.576683
2  71 1.709471  508798.271852 8427.093724 75.345857 401024.121704 6727.022791 56.840643
2  72 1.709471  523315.381067 8557.231696 76.127610 412607.417534 6824.880890 57.244654
2  73 1.709471  538054.411157 8686.730564 75.753749 424357.569008 6922.235937 56.950381
2  74 1.709471  553014.737051 8816.137233 75.699816 436274.464475 7019.963410 57.168241
2  75 1.709471  568197.116330 8946.522433 76.272233 448359.613117 7119.084127 57.983256
2  76 1.709471  583601.538063 9075.916315 75.692336 460611.465094 7214.998362 56.107540
2  77 1.709471  599226.355779 9204.375221 75.145397 473026.395564 7309.878186 55.502435
2  78 1.709471  615071.152396 9333.281138 75.406887 485604.606726 7406.028983 56.245923
2  79 1.709471  631136.946622 9462.931883 75.842594 498348.443361 7503.652091 57.107191
2  80 1.709471  647421.851308 9589.629927 74.115335 511260.210149 7602.499252 57.823232
2  81 1.709471  663923.072548 9716.011935 73.930461 524339.762872 7699.953633 57.008489
2  82 1.709471  680637.736903 9839.348191 72.148769 537585.846735 7797.332745 56.964458
2  83 1.709471  697562.574580 9961.904698 71.692634 550995.615815 7891.457529 55.060754
2  84 1.709471  714695.301605 10082.568813 70.585630 564568.856458 7988.586678 56.818236
2  85 1.709471  732033.979132 10202.856964 70.365700 578308.976782 8086.698796 57.393249
2  86 1.709471  749577.561409 10322.297597 69.869922 592218.574264 8186.866871 58.595936
2  87 1.709471  767326.146388 10442.700349 70.432739 606299.361411 8286.982538 58.565278
2  88 1.709471  785278.974017 10561.251756 69.349746 620551.523578 8387.367472 58.722793
2  89 1.709471  803435.446043 10680.954582 70.023298 634975.820627 8488.372141 59.085322
2  90 1.709471  821796.655034 10800.784239 70.097492 649574.361060 8591.223921 60.165839
2  91 1.709471  840363.404022 10921.426577 70.572891 664350.541746 8696.202764 61.410120
2  92 1.709471  859137.398309 11043.251355 71.264590 679305.178998 8800.009592 60.724519
2  93 1.709471  878117.387226 11162.430469 69.716940 694435.704979 8901.984190 59.652708
3  1 1.709471  186.468794 118.139837 67.960123 253.361455 168.843752 50.111486
3  2 1.709471  487.681196 234.264308 67.930046 615.015297 254.273994 49.974654
3  3 1.709471  987.345982 350.319661 67.889614 1122.834881 339.850701 50.060333
3  4 1.709471  1685.495608 466.482105 67.952259 1777.132366 425.646152 50.188293
3  5 1.709471  2582.372707 582.821327 68.055671 2578.004389 511.335919 50.126471
3  6 1.709471  3679.435950 700.690345 68.950565 3525.013632 596.619729 49.888995
3  7 1.709471  4979.482511 820.302128 69.970040 4620.367823 684.892434 51.637428
3  8 1.709471  6483.388196 939.195799 69.549963 5866.134139 772.594741 51.303758
3  9 1.709471  8189.411813 1056.770468 68.778377 7263.964656 862.800297 52.768099
3  10 1.709471  10096.109179 1173.974514 68.561572 8818.073712 955.433179 54.188027
3  11 1.709471  12206.409471 1294.976181 70.783090 10528.647650 1045.856747 52.895631
3  12 1.709471  14521.836164 1413.962621 69.604230 12392.968313 1135.309514 52.327736
3  13 1.709471  17040.996567 1533.334906 69.829941 14411.312899 1226.057390 53.085343
3  14 1.709471  19766.937508 1655.885987 71.689460 16584.735844 1316.743799 53.049387
3  15 1.709471  22701.365978 1777.255372 70.998196 18910.881065 1404.735169 51.472853
3  16 1.709471  25843.822347 1899.268707 71.374891 21389.304788 1494.902385 52.745671
3  17 1.709471  29198.144015 2025.127669 73.624492 24021.842935 1585.041694 52.729347
3  18 1.709471  32766.681597 2149.891108 72.983637 26810.582050 1677.650067 54.173689
3  19 1.709471  36549.501510 2275.827777 73.669948 29758.699753 1771.507042 54.904092
3  20 1.709471  40550.084399 2404.663404 75.365770 32866.275054 1864.207851 54.227763
3  21 1.709471  44770.331327 2532.824226 74.971025 36134.081690 1958.970063 55.433634
3  22 1.709471  49208.954768 2660.153509 74.484594 39563.397934 2053.166389 55.102604
3  23 1.709471  53864.757875 2786.914078 74.151910 43156.803170 2150.946357 57.198950
3  24 1.709471  58736.301126 2912.559188 73.499393 46917.277524 2248.629290 57.142186
3  25 1.709471  63822.521692 3038.076298 73.424516 50845.887533 2347.657054 57.928880
3  26 1.709471  69124.240138 3164.681430 74.060983 54946.088451 2449.382470 59.506943
3  27 1.709471  74642.848632 3291.827310 74.377308 59223.086096 2554.500793 61.491712
3  28 1.709471  80379.267114 3419.508727 74.690584 63682.107191 2662.341225 63.084082
3  29 1.709471  86332.276308 3545.228115 73.542844 68323.309349 2767.643948 61.599582
3  30 1.709471  92500.141255 3670.879710 73.503187 73141.423022 2869.319259 59.477632
3  31 1.709471  98880.550903 3793.895278 71.961174 78133.003781 2970.592167 59.242236
3  32 1.709471  105471.203676 3916.854139 71.928002 83296.916666 3070.939627 58.700871
3  33 1.709471  112275.347465 4043.669585 74.184012 88632.680960 3171.650119 58.913236
3  34 1.709471  119296.694677 4170.971785 74.468751 94138.372030 3269.745851 57.383664
3  35 1.709471  126532.692205 4294.800217 72.436680 99813.537911 3369.927565 58.603914
3  36 1.709471  133979.446336 4417.546960 71.803918 105659.636381 3469.728829 58.381360
3  37 1.709471  141637.343325 4541.827290 72.701029 111674.544334 3567.426608 57.150871
3  38 1.709471  149508.873693 4667.487824 73.508416 117854.907219 3663.303209 56.085525
3  39 1.709471  157595.572448 4793.564042 73.751581 124199.386800 3759.435315 56.234990
3  40 1.709471  165897.717127 4919.549280 73.698360 130708.179988 3855.542292 56.220290
3  41 1.709471  174416.994032 5047.598391 74.905677 137381.427182 3951.838659 56.331078
3  42 1.709471  183155.835417 5176.429249 75.362980 144220.849474 4049.959233 57.398196
3  43 1.709471  192115.184230 5305.581565 75.551025 151227.343800 4147.304970 56.944935
3  44 1.709471  201292.502010 5431.442545 73.625672 158398.165064 4242.213912 55.519468
3  45 1.709471  210684.445701 5556.683644 73.263056 165729.792569 4335.440603 54.535391
3  46 1.709471  220291.752211 5683.406773 74.130008 173220.161684 4427.934024 54.106445
3  47 1.709471  230115.521208 5809.934431 74.015663 180868.944846 4520.777485 54.311211
3  48 1.709471  240155.694731 5936.589746 74.090339 188676.520092 4613.713188 54.365170
3  49 1.709471  250412.540289 6063.430379 74.198745 196643.058225 4706.756481 54.428108
3  50 1.709471  260886.251176 6190.311839 74.222628 204768.475389 4799.594077 54.307780
3  51 1.709471  271576.637577 6316.930396 74.068837 213052.505139 4892.325642 54.245754
3  52 1.709471  282483.632873 6443.733915 74.177035 221495.031860 4985.027974 54.228653
3  53 1.709471  293607.394322 6570.536457 74.176463 230095.860643 5077.531505 54.112360
3  54 1.709471  304948.150824 6697.607777 74.333692 238854.840590 5170.057294 54.125380
3  55 1.709471  316506.117144 6824.661586 74.323448 247771.893183 5262.468961 54.058622
3  56 1.709471  328281.246156 6951.677769 74.301438 256846.855032 5354.803592 54.013557
3  57 1.709471  340273.736758 7078.964280 74.459573 266079.616885 5447.087440 53.983851
3  58 1.709471  352483.947501 7206.399950 74.546828 275470.255330 5539.511674 54.065973
3  59 1.709471  364912.063799 7333.903387 74.586471 285017.244373 5630.010184 52.939470
3  60 1.709471  377557.746304 7460.942036 74.314580 294719.177716 5720.789115 53.103510
3  61 1.709471  390421.257851 7588.752978 74.766353 304575.898963 5811.104649 52.832434
3  62 1.709471  403501.188672 7714.142264 73.349742 314585.467683 5899.613369 51.775491
3  63 1.709471  416798.548662 7843.134737 75.457521 324744.845471 5986.374114 50.752967
3  64 1.709471  430316.509501 7972.234736 75.520421 335051.896374 6072.383870 50.313656
3  65 1.709471  444055.981244 8102.291929 76.080357 345505.072664 6157.333848 49.693711
3  66 1.709471  458017.921070 8232.511784 76.175509 356103.565542 6242.397348 49.760119
3  67 1.709471  472203.454354 8363.885611 76.850556 366847.554824 6327.557702 49.816776
3  68 1.709471  486613.227736 8494.862004 76.618067 377737.875851 6413.598510 50.331821
3  69 1.709471  501246.922042 8625.862411 76.632114 388777.053468 6501.712813 51.544766
3  70 1.709471  516104.684226 8757.010736 76.718642 399970.579093 6594.178318 54.090115
3  71 1.709471  531188.520965 8890.358858 78.005471 411322.533721 6687.067191 54.337776
3  72 1.709471  546503.007121 9026.859555 79.849653 422833.698697 6780.446831 54.624862
3  73 1.709471  562050.571066 9163.048754 79.667434 434504.971583 6874.385811 54.952063
3  74 1.709471  577831.040608 9299.347996 79.731806 446336.584490 6968.037008 54.783717
3  75 1.709471  593844.468941 9435.599429 79.703839 458326.038376 7059.052228 53.241733
3  76 1.709471  610090.948371 9572.006664 79.794980 470471.572017 7150.642877 53.578345
3  77 1.709471  626568.900378 9706.411304 78.623509 482771.904856 7240.159907 52.365328
3  78 1.709471  643280.564495 9845.438688 81.327705 495226.602197 7331.241983 53.280842
3  79 1.709471  660230.753638 9985.474207 81.917439 507837.283583 7422.653799 53.473732
3  80 1.709471  677420.430230 10125.627583 81.986383 520604.052243 7513.856651 53.351493
3  81 1.709471  694849.829403 10265.938192 82.078360 533521.611662 7599.071795 49.848827
3  82 1.709471  712516.940913 10403.739681 80.610585 546583.686047 7682.932270 49.056378
3  83 1.709471  730419.232071 10541.087163 80.345001 559787.768226 7765.214140 48.132932
3  84 1.709471  748555.294215 10677.240586 79.646506 573133.364939 7848.497524 48.718793
3  85 1.709471  766921.313746 10810.126338 77.734996 586619.879664 7930.081495 47.724678
3  86 1.709471  785516.176144 10944.975827 78.883735 600244.965867 8010.619543 47.112838
3  87 1.709471  804341.381616 11079.616748 78.761728 614007.908333 8091.366750 47.235190
3  88 1.709471  823395.939775 11213.307533 78.205921 627909.268298 8172.561415 47.496943
3  89 1.709471  842678.735647 11346.643987 77.998646 641945.496793 8249.156498 44.806297
3  90 1.709471  862188.067430 11478.343745 77.041218 656115.471686 8329.038322 46.728962
3  91 1.709471  881918.626291 11605.469117 74.365311 670421.994634 8408.911210 46.723735
3  92 1.709471  901867.659589 11733.948417 75.157327 684865.923361 8489.796529 47.315983
3  93 1.709471  922036.749336 11862.924666 75.448030 699448.720843 8571.381031 47.724988
4  1 1.709471  186.788835 118.514270 68.179158 253.583723 169.103794 50.263605
4  2 1.709471  489.097612 235.172581 68.242330 616.098819 255.021579 50.259855
4  3 1.709471  990.678270 351.652867 68.138190 1125.531505 340.990368 50.289692
4  4 1.709471  1691.569504 468.356450 68.268813 1782.057086 427.113250 50.379832
4  5 1.709471  2592.081953 585.200168 68.350789 2585.660626 513.064565 50.279470
4  6 1.709471  3690.358041 699.730476 66.997499 3538.139548 601.290347 51.609978
4  7 1.709471  4985.775587 815.846270 67.924971 4641.252506 689.299203 51.483082
4  8 1.709471  6478.113112 930.117460 66.845921 5892.907238 775.077137 50.178046
4  9 1.709471  8168.429328 1047.471897 68.649547 7291.732510 861.481718 50.544620
4  10 1.709471  10058.623817 1163.965508 68.145985 8836.715134 946.074267 49.484624
4  11 1.709471  12149.392982 1282.134700 69.126160 10526.967607 1031.440515 49.937219
4  12 1.709471  14444.063629 1402.520518 70.422833 12364.807567 1118.744586 51.070800
4  13 1.709471  16943.068638 1521.196158 69.422419 14350.958421 1204.957188 50.432316
4  14 1.709471  19646.543384 1641.740360 70.515484 16486.084942 1293.039011 51.525766
4  15 1.709471  22556.458595 1762.721654 70.771172 18771.306643 1380.561390 51.198505
4  16 1.709471  25675.195078 1886.051290 72.144896 21206.595147 1468.610015 51.506346
4  17 1.709471  29005.354826 2010.076790 72.551960 23789.971307 1553.816884 49.843987
4  18 1.709471  32546.750614 2133.187383 72.016761 26522.125045 1642.672686 51.978525
4  19 1.709471  36299.535672 2257.392154 72.656829 29405.460561 1730.692354 51.489407
4  20 1.709471  40264.809025 2381.788554 72.768928 32439.290837 1818.744377 51.508334
4  21 1.709471  44444.361199 2508.088155 73.882254 35622.140885 1905.038379 50.479934
4  22 1.709471  48840.866821 2635.613741 74.599427 38952.936329 1991.833436 50.773038
4  23 1.709471  53456.773587 2764.777030 75.557444 42431.228516 2077.602533 50.172876
4  24 1.709471  58295.188704 2895.937899 76.725980 46057.510366 2164.974285 51.110392
4  25 1.709471  63357.768310 3027.038792 76.690896 49834.502149 2253.925965 52.034612
4  26 1.709471  68645.326610 3159.152240 77.283217 53765.800789 2345.505949 53.572107
4  27 1.709471  74159.500994 3292.168804 77.811518 57852.605142 2435.860233 52.855102
4  28 1.709471  79902.168762 3426.478601 78.568029 62095.411518 2528.020876 53.911778
4  29 1.709471  85874.288677 3560.616872 78.467690 66497.398858 2622.094368 55.030750
4  30 1.709471  92075.798523 3694.853880 78.525448 71059.188970 2714.982498 54.337341
4  31 1.709471  98507.086361 3829.446166 78.733278 75780.692189 2808.951086 54.969383
4  32 1.709471  105170.626648 3966.578166 80.218950 80660.243561 2899.891300 53.197857
4  33 1.709471  112066.289610 4101.018626 78.644463 85694.092730 2989.472150 52.402661
4  34 1.709471  119192.363093 4236.147488 79.047162 90883.180737 3081.513336 53.841899
4  35 1.709471  126548.443980 4370.116318 78.368571 96227.811415 3171.449657 52.610603
4  36 1.709471  134131.795724 4502.043551 77.174285 101726.043714 3261.219907 52.513456
4  37 1.709471  141940.106619 4633.307796 76.786453 107378.186513 3351.517601 52.821998
4  38 1.709471  149970.841707 4762.269248 75.439374 113183.104918 3439.960081 51.736742
4  39 1.709471  158220.921203 4889.930294 74.678668 119140.037831 3529.367324 52.301105
4  40 1.709471  166687.958650 5016.099702 73.806095 125246.311357 3614.681477 49.906745
4  41 1.709471  175371.321287 5143.020450 74.245611 131499.719571 3701.507891 50.791382
4  42 1.709471  184270.695179 5268.822568 73.591240 137900.381452 3786.961243 49.988173
4  43 1.709471  193381.291892 5390.141076 70.968434 144448.881119 3874.471051 51.191151
4  44 1.709471  202697.853610 5509.791801 69.992821 151147.755177 3962.892109 51.724210
4  45 1.709471  212220.680231 5631.461175 71.173682 158000.357974 4054.326345 53.486848
4  46 1.709471  221951.276397 5752.872259 71.022589 165007.990304 4144.269268 52.614465
4  47 1.709471  231889.267576 5874.103449 70.917355 172169.283060 4234.101714 52.549839
4  48 1.709471  242034.559752 5995.404540 70.958245 179484.229225 4324.036429 52.609664
4  49 1.709471  252387.088187 6116.559989 70.873049 186952.919403 4413.974878 52.611848
4  50 1.709471  262946.681902 6237.661040 70.841227 194575.441181 4504.012063 52.669606
4  51 1.709471  273713.105169 6358.540702 70.711720 202352.018080 4594.212023 52.764826
4  52 1.709471  284685.991876 6479.213417 70.590661 210282.405356 4683.962867 52.502104
4  53 1.709471  295865.168879 6599.890511 70.593222 218366.115679 4773.592676 52.431301
4  54 1.709471  307250.787597 6720.740376 70.694289 226603.283775 4863.501143 52.594309
4  55 1.709471  318843.049466 6841.653143 70.731085 234994.346156 4953.641649 52.730046
4  56 1.709471  330641.905491 6962.445686 70.660757 243539.591827 5043.888240 52.792103
4  57 1.709471  342647.193944 7083.169237 70.620399 252239.055553 5134.069418 52.753839
4  58 1.709471  354859.015612 7204.079699 70.729737 261092.750346 5224.331232 52.801009
4  59 1.709471  367279.249771 7327.001912 71.906563 270101.057224 5314.958184 53.014605
4  60 1.709471  379908.594687 7448.729310 71.207625 279264.963009 5406.374531 53.476383
4  61 1.709471  392746.639311 7571.170617 71.625245 288585.966041 5498.754472 54.040063
4  62 1.709471  405792.738396 7692.143108 70.766022 298061.575270 5587.256406 51.771521
4  63 1.709471  419044.183751 7811.415959 69.771773 307688.978362 5676.346054 52.115320
4  64 1.709471  432499.623971 7930.807370 69.841129 317466.382365 5762.750317 50.544433
4  65 1.709471  446161.039559 8052.397317 71.127219 327390.117346 5847.546320 49.603639
4  66 1.709471  460031.673989 8175.583437 72.060943 337460.732223 5934.592790 50.920110
4  67 1.709471  474113.639792 8299.644945 72.573024 347680.224914 6021.726263 50.971003
4  68 1.709471  488407.035227 8422.946021 72.128189 358047.893193 6107.951161 50.439509
4  69 1.709471  502910.579284 8545.508811 71.696309 368563.101094 6194.340583 50.535752
4  70 1.709471  517623.670686 8668.106421 71.716678 379227.285492 6282.246557 51.422899
4  71 1.709471  532548.193581 8792.873574 72.985809 390040.240761 6368.395407 50.395022
4  72 1.709471  547684.030101 8915.333284 71.636010 400999.292889 6453.172916 49.592822
4  73 1.709471  563029.887685 9038.588203 72.101188 412102.794252 6537.394121 49.267396
4  74 1.709471  578586.582460 9162.002742 72.194562 423350.198889 6621.532885 49.219171
4  75 1.709471  594352.470976 9283.334903 70.976421 434742.448124 6706.855392 49.911632
4  76 1.709471  610326.701871 9405.753389 71.611895 446282.502997 6794.458432 51.245689
4  77 1.709471  626510.594292 9528.628889 71.879237 457970.528098 6879.973501 50.024277
4  78 1.709471  642904.692790 9651.684473 71.984582 469802.691196 6963.093014 48.622933
4  79 1.709471  659509.493048 9775.139900 72.218481 481777.073034 7046.362644 48.710748
4  80 1.709471  676322.613031 9895.408616 70.354331 493894.624729 7130.594919 49.273872
4  81 1.709471  693343.453573 10018.163047 71.808415 506156.110031 7214.758100 49.233454
4  82 1.709471  710574.157608 10140.938894 71.820943 518560.107474 7297.327327 48.301029
4  83 1.709471  728012.589988 10261.195303 70.347132 531103.989589 7378.416496 47.435230
4  84 1.709471  745657.518246 10382.529223 70.977450 543787.528818 7460.719489 48.145288
4  85 1.709471  763512.684860 10507.164153 72.908462 556613.912512 7545.537708 49.616635
4  86 1.709471  781582.867861 10634.088141 74.247506 569586.092354 7631.294028 50.165402
4  87 1.709471  799870.920006 10762.060660 74.860872 582704.938672 7717.130490 50.212284
4  88 1.709471  818380.798445 10893.614326 76.955757 595970.571906 7803.027718 50.247830
4  89 1.709471  837112.889495 11022.038817 75.125265 609381.578110 7887.209932 49.244588
4  90 1.709471  856063.411439 11149.168054 74.367572 622935.936134 7970.742511 48.864567
4  91 1.709471  875228.847802 11273.478438 72.718610 636632.559395 8053.653475 48.500937
4  92 1.709471  894606.306452 11397.224018 72.388213 650469.295735 8134.668131 47.391642
4  93 1.709471  914194.875933 11520.468041 72.094815 664444.766977 8215.966693 47.557720
5  1 1.709471  186.382550 118.038936 67.901099 253.704731 169.245368 50.346422
5  2 1.709471  487.295502 234.014866 67.843153 616.676698 255.414522 50.406900
5  3 1.709471  986.550469 350.089634 67.900972 1126.749660 341.346516 50.268167
5  4 1.709471  1684.138572 466.055176 67.837076 1783.579108 427.112612 50.171121
5  5 1.709471  2580.064424 582.135342 67.904129 2587.192901 513.077201 50.287235
5  6 1.709471  3674.539981 698.348860 67.982137 3536.092586 597.090175 49.145586
5  7 1.709471  4968.258487 815.240090 68.378582 4628.652360 681.152654 49.174545
5  8 1.709471  6460.560485 930.682077 67.530809 5862.408178 762.282812 47.459208
5  9 1.709471  8151.292750 1047.394037 68.273714 7234.871141 843.433398 47.471158
5  10 1.709471  10041.454806 1164.005422 68.214879 8746.934214 925.608283 48.070348
5  11 1.709471  12129.295005 1278.668036 67.074895 10397.719204 1005.731424 46.870127
5  12 1.709471  14414.679754 1395.123124 68.123449 12186.588002 1087.159753 47.633630
5  13 1.709471  16899.664783 1512.190845 68.481825 14112.760060 1166.369692 46.335925
5  14 1.709471  19587.887534 1632.901565 70.612893 16174.051633 1245.243139 46.139086
5  15 1.709471  22482.995811 1754.237044 70.978362 18369.834113 1323.717640 45.905712
5  16 1.709471  25582.745451 1872.322199 69.077000 20699.212912 1401.544460 45.526834
5  17 1.709471  28882.619780 1988.373386 67.887177 23162.640789 1480.548667 46.215577
5  18 1.709471  32381.193101 2104.790543 68.101261 25761.731349 1560.263331 46.631178
5  19 1.709471  36079.341603 2221.866829 68.486835 28499.490590 1642.784409 48.272863
5  20 1.709471  39976.731830 2337.893860 67.873046 31377.526935 1724.380853 47.731974
5  21 1.709471  44072.429081 2453.876588 67.847130 34396.200768 1807.323564 48.519508
5  22 1.709471  48368.421987 2572.230224 69.234055 37558.328296 1892.214833 49.659368
5  23 1.709471  52867.860830 2691.898631 70.003165 40867.316125 1979.143113 50.850971
5  24 1.709471  57572.900461 2812.773340 70.708822 44322.665903 2063.451331 49.318298
5  25 1.709471  62481.943993 2930.573467 68.910265 47919.825910 2145.054319 47.735802
5  26 1.709471  67592.216503 3048.201646 68.809680 51659.541623 2230.234708 49.828497
5  27 1.709471  72903.347482 3165.568296 68.656691 55546.214496 2316.987187 50.748131
5  28 1.709471  78414.206854 3281.874342 68.036263 59580.626781 2403.082774 50.363866
5  29 1.709471  84124.708611 3399.140364 68.597827 63762.634864 2489.667231 50.649843
5  30 1.709471  90036.644421 3517.542577 69.262471 68089.545368 2572.611696 48.520534
5  31 1.709471  96150.866180 3635.805277 69.180859 72558.788781 2656.189946 48.891283
5  32 1.709471  102468.006519 3754.947639 69.695441 77170.851486 2739.703457 48.853412
5  33 1.709471  108990.098949 3875.589446 70.572581 81925.013190 2822.438999 48.398319
5  34 1.709471  115718.192047 3995.958598 70.413083 86824.721931 2909.986547 51.213228
5  35 1.709471  122654.483359 4119.171426 72.076566 91873.121000 2996.399592 50.549570
5  36 1.709471  129800.652309 4241.505424 71.562471 97067.777413 3081.100663 49.548107
5  37 1.709471  137155.315945 4363.100266 71.130083 102407.699359 3166.353339 49.870782
5  38 1.709471  144715.107281 4481.495050 69.258126 107890.965063 3248.806023 48.232854
5  39 1.709471  152476.502800 4598.967544 68.718608 113513.798522 3329.640956 47.286508
5  40 1.709471  160438.961997 4716.729965 68.888208 119273.047657 3408.405857 46.075589
5  41 1.709471  168603.377034 4835.246245 69.329198 125166.899396 3487.119583 46.045653
5  42 1.709471  176968.266945 4951.276006 67.874643 131194.270981 3564.617710 45.334556
5  43 1.709471  185531.661734 5067.487485 67.980944 137353.640669 3641.551068 45.004180
5  44 1.709471  194292.806930 5182.634551 67.358288 143644.076515 3717.958863 44.696738
5  45 1.709471  203250.250640 5297.147384 66.987276 150062.988687 3791.862242 43.231714
5  46 1.709471  212402.033952 5410.002617 66.017620 156606.314646 3863.517061 41.916361
5  47 1.709471  221746.595806 5522.689085 65.918897 163272.197634 3935.248121 41.960959
5  48 1.709471  231284.103734 5635.740320 66.132277 170060.406350 4006.632327 41.758058
5  49 1.709471  241014.955985 5748.892722 66.191457 176970.752033 4078.142550 41.831775
5  50 1.709471  250939.224878 5862.028566 66.181771 184003.507713 4149.846183 41.944916
5  51 1.709471  261056.788362 5975.038175 66.107926 191158.844773 4221.556919 41.949070
5  52 1.709471  271367.267751 6087.730975 65.922601 198436.796120 4293.299052 41.967437
5  53 1.709471  281870.383265 6200.413254 65.916446 205837.362917 4365.011147 41.949866
5  54 1.709471  292566.357675 6313.366685 66.075064 213360.761970 4437.006932 42.115817
5  55 1.709471  303455.478398 6426.385228 66.113153 221007.265069 4509.037010 42.135878
5  56 1.709471  314537.787389 6539.387745 66.103777 228776.834446 4580.988609 42.089969
5  57 1.709471  325813.071775 6652.157238 65.967465 236669.371890 4652.903784 42.068662
5  58 1.709471  337281.346807 6765.177595 66.114214 244684.778454 4724.739619 42.022251
5  59 1.709471  348945.687256 6881.544426 68.071821 252821.730379 4795.106059 41.162689
5  60 1.709471  360808.093149 6996.904718 67.483020 261078.516280 4864.939656 40.850989
5  61 1.709471  372864.923573 7109.011854 65.580002 269456.300003 4936.667740 41.959219
5  62 1.709471  385113.670505 7221.437880 65.766544 277957.616533 5009.467147 42.585917
5  63 1.709471  397556.574837 7336.166752 67.113654 286583.554358 5082.468714 42.704175
5  64 1.709471  410195.065711 7450.264806 66.744641 295336.387083 5157.928127 44.141958
5  65 1.709471  423028.270794 7563.973090 66.516634 304218.926310 5234.219135 44.628420
5  66 1.709471  436056.401188 7678.318123 66.889118 313231.658122 5310.247243 44.474630
5  67 1.709471  449281.984857 7794.984005 68.246759 322373.754842 5385.569907 44.061962
5  68 1.709471  462706.398749 7910.940000 67.831492 331644.107556 5460.300639 43.715696
5  69 1.709471  476328.640280 8026.432909 67.560598 341041.358533 5534.034823 43.132739
5  70 1.709471  490146.755406 8140.102764 66.494155 350565.467488 5608.718423 43.688125
5  71 1.709471  504157.374176 8251.652991 65.254222 360216.538386 5682.574240 43.203892
5  72 1.709471  518358.546026 8363.040781 65.159201 369995.610774 5758.474063 44.399586
5  73 1.709471  532749.533482 8473.728196 64.749498 379901.844009 5831.346367 42.628560
5  74 1.709471  547331.474545 8586.447395 65.938043 389933.090902 5904.734080 42.930062
5  75 1.709471  562106.552940 8699.689663 66.244026 400088.871891 5977.045320 42.300351
5  76 1.709471  577072.570645 8809.837281 64.433730 410369.868321 6051.230173 43.396370
5  77 1.709471  592227.736420 8920.983884 65.018112 420776.729826 6124.301456 42.744958
5  78 1.709471  607571.032419 9029.940671 63.737122 431305.676854 6194.064412 40.809666
5  79 1.709471  623098.390422 9136.327650 62.233846 441955.611075 6265.850702 41.993268
5  80 1.709471  638809.451672 9244.864708 63.491591 452728.182175 6337.543710 41.938700
5  81 1.709471  654706.212936 9353.587810 63.600422 463625.622839 6411.942137 43.521305
5  82 1.709471  670788.377392 9461.777600 63.288447 474650.825470 6487.019119 43.918244
5  83 1.709471  687054.860260 9569.231561 62.858005 485805.251624 6563.127496 44.521586
5  84 1.709471  703504.815008 9676.430949 62.709086 497091.453840 6641.190826 45.665187
5  85 1.709471  720140.199026 9786.174964 64.197631 508512.008266 6720.313175 46.284687
5  86 1.709471  736962.221945 9894.789563 63.536951 520068.430193 6800.149322 46.702242
5  87 1.709471  753969.689937 10003.136853 63.380581 531763.608720 6882.651779 48.261970
5  88 1.709471  771161.844305 10110.863815 63.017704 543598.180258 6963.232498 47.137799
5  89 1.709471  788538.360182 10218.831026 63.158244 555569.234307 7042.329807 46.270040
5  90 1.709471  806101.188523 10328.840513 64.352926 567674.193366 7119.894973 45.373773
5  91 1.709471  823851.171897 10437.793488 63.734892 579909.947188 7195.353441 44.141404
5  92 1.709471  841788.674660 10548.229255 64.602290 592275.731253 7272.024156 44.850540
5  93 1.709471  859914.880128 10658.566654 64.544747 604772.597405 7348.713231 44.861280
6  1 1.709471  186.713362 118.425970 68.127505 253.500146 169.006014 50.206406
6  2 1.709471  488.917447 235.138396 68.273986 615.786852 254.852154 50.217945
6  3 1.709471  990.563268 351.763289 68.222782 1124.774548 340.639175 50.183362
6  4 1.709471  1691.794584 468.643907 68.372374 1780.611249 426.658486 50.319246
6  5 1.709471  2592.793866 585.482282 68.347663 2583.566411 512.760759 50.367776
6  6 1.709471  3694.117891 703.014302 68.753429 3533.803051 598.970790 50.430813
6  7 1.709471  4995.197767 819.187101 67.958317 4631.328503 685.081645 50.372797
6  8 1.709471  6493.252342 933.465306 66.850025 5876.343667 771.526719 50.568306
6  9 1.709471  8186.733031 1047.826333 66.898474 7270.505582 859.576230 51.506865
6  10 1.709471  10074.605140 1160.893997 66.141887 8814.323678 946.617312 50.916957
6  11 1.709471  12155.286686 1273.404178 65.815773 10505.460853 1031.932527 49.907366
6  12 1.709471  14429.755205 1387.615514 66.810908 12342.147913 1116.903736 49.706131
6  13 1.709471  16899.164086 1501.475103 66.605145 14326.283675 1204.440476 51.206905
6  14 1.709471  19561.610531 1613.460258 65.508645 16461.388493 1293.530331 52.115440
6  15 1.709471  22415.608490 1725.581238 65.588099 18750.011122 1384.048995 52.951260
6  16 1.709471  25460.487967 1836.782531 65.050105 21192.127824 1473.111075 52.099193
6  17 1.709471  28694.699891 1947.091172 64.527924 23783.056812 1558.152272 49.747072
6  18 1.709471  32115.897398 2055.546745 63.443924 26518.953152 1642.715964 49.467743
6  19 1.709471  35722.077331 2163.511788 63.156975 29400.605744 1728.680134 50.286990
6  20 1.709471  39511.990947 2270.506392 62.589292 32427.465212 1812.601085 49.091755
6  21 1.709471  43485.251695 2378.019188 62.892422 35595.598555 1893.963829 47.595265
6  22 1.709471  47642.434145 2485.686010 62.982524 38902.453920 1974.899235 47.345283
6  23 1.709471  51982.807775 2592.344133 62.392458 42347.398176 2055.521245 47.161953
6  24 1.709471  56505.710133 2699.235916 62.529144 45929.946604 2135.889554 47.013545
6  25 1.709471  61207.611753 2801.764733 59.976913 49650.953078 2217.510555 47.746339
6  26 1.709471  66084.537640 2904.005961 59.808680 53509.792328 2297.147329 46.585614
6  27 1.709471  71134.779585 3004.536255 58.807825 57506.929046 2379.311997 48.064371
6  28 1.709471  76353.717490 3101.372187 56.646711 61646.655118 2463.970073 49.522956
6  29 1.709471  81738.646320 3198.737722 56.956516 65932.582246 2550.360259 50.536199
6  30 1.709471  87291.689050 3298.057432 58.099662 70364.943914 2635.291501 49.682751
6  31 1.709471  93015.014815 3397.960752 58.441060 74942.565900 2720.307903 49.732568
6  32 1.709471  98909.024127 3497.749042 58.373770 79663.058797 2802.443653 48.047455
6  33 1.709471  104973.992921 3597.975191 58.629907 84524.931214 2885.715199 48.711869
6  34 1.709471  111209.328769 3697.070371 57.968317 89528.493878 2968.214483 48.260114
6  35 1.709471  117615.067970 3797.338987 58.654749 94674.642295 3052.533731 49.324749
6  36 1.709471  124192.133495 3897.513999 58.599993 99966.612799 3138.819370 50.475041
6  37 1.709471  130942.532621 4000.131033 60.028518 105404.359098 3223.084459 49.293068
6  38 1.709471  137867.766089 4102.061842 59.627093 110982.780161 3303.402135 46.983925
6  39 1.709471  144967.043331 4203.753947 59.487456 116697.826286 3382.929264 46.521474
6  40 1.709471  152239.389284 4304.543979 58.959766 122549.756830 3463.550378 47.161429
6  41 1.709471  159682.426416 4403.454487 57.860288 128541.146298 3546.089554 48.283449
6  42 1.709471  167293.066555 4500.631504 56.846238 134674.011925 3629.070737 48.542014
6  43 1.709471  175069.244664 4597.126015 56.446988 140947.841310 3711.010426 47.932764
6  44 1.709471  183011.873326 4695.370713 57.470805 147361.232155 3792.350990 47.582290
6  45 1.709471  191122.918208 4794.164961 57.792279 153915.163508 3875.436118 48.602818
6  46 1.709471  199403.644620 4893.890011 58.336776 160608.489390 3955.435941 46.797989
6  47 1.709471  207854.817766 4993.579510 58.315980 167438.677088 4035.557915 46.869444
6  48 1.709471  216476.520280 5093.401238 58.393330 174405.667468 4115.488556 46.757519
6  49 1.709471  225268.822972 5193.173583 58.364443 181509.353158 4195.484907 46.795958
6  50 1.709471  234231.695387 5292.959678 58.372486 188750.076327 4275.815870 46.991698
6  51 1.709471  243365.477056 5393.129258 58.596815 196128.289321 4356.341446 47.105541
6  52 1.709471  252670.240170 5492.999816 58.421895 203644.047340 4436.736988 47.029475
6  53 1.709471  262145.719663 5592.859279 58.415404 211297.227686 4517.119016 47.021569
6  54 1.709471  271792.091867 5692.936138 58.542576 219087.968686 4597.676392 47.124144
6  55 1.709471  281609.618882 5793.102244 58.594784 227016.647354 4678.499508 47.279596
6  56 1.709471  291597.958532 5892.778774 58.308393 235083.646658 4759.504940 47.386246
6  57 1.709471  301756.719483 5992.487040 58.326958 243289.110265 4840.496139 47.377920
6  58 1.709471  312085.830431 6092.080145 58.259592 251633.114167 4921.590478 47.438255
6  59 1.709471  322586.009904 6192.629055 58.818715 260116.381196 5003.427356 47.872622
6  60 1.709471  333259.524307 6294.873747 59.810706 268740.389491 5086.251045 48.449883
6  61 1.709471  344108.337621 6397.720420 60.162852 277506.692385 5169.905251 48.935716
6  62 1.709471  355132.875337 6500.462916 60.101910 286415.027193 5252.421611 48.270103
6  63 1.709471  366332.827552 6602.947020 59.950757 295464.887054 5335.482813 48.588823
6  64 1.709471  377708.679649 6706.257388 60.434102 304657.481372 5419.414119 49.097812
6  65 1.709471  389261.190087 6809.628853 60.469842 313993.033271 5502.736364 48.741527
6  66 1.709471  400990.608982 6913.231845 60.605280 323472.132530 5587.357685 49.501455
6  67 1.709471  412897.455435 7017.210634 60.825112 333094.128267 5669.918426 48.296065
6  68 1.709471  424981.058476 7120.028624 60.146073 342858.189187 5753.567176 48.932524
6  69 1.709471  437240.544506 7222.985342 60.227225 352765.459942 5837.467101 49.079456
6  70 1.709471  449678.485098 7328.811951 61.906043 362817.964248 5923.483505 50.317545
6  71 1.709471  462294.420862 7431.231203 59.912820 373014.240420 6005.673327 48.079086
6  72 1.709471  475082.331287 7530.014104 57.785642 383350.658745 6087.443141 47.833391
6  73 1.709471  488041.274744 7631.331692 59.268373 393827.691558 6170.185572 48.402349
6  74 1.709471  501171.406217 7730.295920 57.891714 404447.953489 6255.014377 49.622828
6  75 1.709471  514474.820710 7834.064560 60.702180 415213.133433 6339.732736 49.558220
6  76 1.709471  527954.839068 7936.914019 60.164481 426125.239325 6426.910728 50.997046
6  77 1.709471  541611.141322 8040.308312 60.483196 437189.786774 6518.082088 53.333071
6  78 1.709471  555444.546042 8144.115457 60.724704 448411.939826 6611.301767 54.531290
6  79 1.709471  569455.166899 8247.642741 60.560992 459794.099978 6705.282763 54.976642
6  80 1.709471  583642.649571 8351.035344 60.482207 471335.721753 6797.864262 54.157969
6  81 1.709471  598006.570917 8454.067576 60.271398 483036.790878 6891.828558 54.966873
6  82 1.709471  612546.555207 8557.020591 60.225059 494900.509155 6988.156012 56.349264
6  83 1.709471  627260.982730 8658.157838 59.162877 506932.405578 7088.588968 58.750884
6  84 1.709471  642146.783325 8757.518913 58.123860 519136.279082 7189.360995 58.949233
6  85 1.709471  657202.566882 8857.029796 58.211494 531513.001962 7290.814495 59.347878
6  86 1.709471  672429.181187 8957.382742 58.704080 544063.098607 7392.200031 59.308121
6  87 1.709471  687828.732474 9059.357816 59.652986 556787.061888 7494.230167 59.685197
6  88 1.709471  703404.859672 9163.968137 61.194544 569685.880473 7596.772397 59.984759
6  89 1.709471  719159.691740 9268.433991 61.110033 582762.170960 7701.863828 61.475981
6  90 1.709471  735093.566231 9373.439232 61.425562 596019.991031 7809.153353 62.761814
6  91 1.709471  751205.487168 9476.739843 60.428394 609461.978457 7917.330848 63.281255
6  92 1.709471  767494.146538 9580.214769 60.530364 623089.698779 8026.451985 63.833263
6  93 1.709471  783959.073765 9682.964828 60.106334 636902.503040 8133.870229 62.837112
7  1 1.709471  186.468922 118.139987 67.960211 253.647879 169.178855 50.307513
7  2 1.709471  487.819627 234.425966 68.024525 616.108641 254.882950 50.134852
7  3 1.709471  988.075115 350.849096 68.104755 1125.142136 340.661962 50.178677
7  4 1.709471  1687.462246 467.400491 68.179786 1781.195896 426.889648 50.441140
7  5 1.709471  2586.215879 584.098395 68.265491 2584.613178 513.070255 50.413600
7  6 1.709471  3683.299085 699.436633 67.470119 3537.948751 602.286898 52.189609
7  7 1.709471  4979.140945 816.636541 68.559152 4641.968850 689.363963 50.938007
7  8 1.709471  6474.225083 932.540596 67.801108 5894.921044 776.530346 50.990255
7  9 1.709471  8169.600252 1050.967493 69.276911 7297.785272 864.753895 51.608672
7  10 1.709471  10069.246452 1171.527962 70.524999 8851.947994 953.542368 51.939140
7  11 1.709471  12171.918188 1288.497687 68.424500 10559.566450 1044.289784 53.085075
7  12 1.709471  14474.329614 1405.213872 68.276185 12422.729249 1135.521831 53.368572
7  13 1.709471  16977.221380 1523.050124 68.931397 14437.809240 1222.025652 50.602672
7  14 1.709471  19680.968063 1640.204547 68.532544 16602.575929 1310.648130 51.842036
7  15 1.709471  22587.991474 1760.874200 70.588869 18916.604997 1396.655517 50.312270
7  16 1.709471  25700.800734 1880.964176 70.249772 21374.320516 1478.754425 48.025904
7  17 1.709471  29021.175961 2003.716481 71.807171 23971.418170 1559.725967 47.366421
7  18 1.709471  32550.762622 2125.731576 71.375921 26708.042407 1641.993872 48.124763
7  19 1.709471  36286.733213 2245.175837 69.872044 29586.292274 1725.421200 48.802997
7  20 1.709471  40228.817207 2366.874426 71.190773 32610.119096 1812.311968 50.829027
7  21 1.709471  44375.493255 2484.538784 68.830844 35781.486336 1898.036452 50.146779
7  22 1.709471  48722.833278 2601.641706 68.502417 39099.560704 1983.952310 50.258728
7  23 1.709471  53270.780613 2719.239771 68.792064 42562.970002 2068.071389 49.207655
7  24 1.709471  58020.889176 2838.160703 69.565909 46168.578664 2150.318784 48.112765
7  25 1.709471  62973.939582 2956.672047 69.326310 49913.922290 2231.554632 47.521034
7  26 1.709471  68129.252810 3074.798558 69.101192 53797.108677 2311.588241 46.817753
7  27 1.709471  73485.420462 3191.662144 68.362411 57815.526518 2389.768982 45.733869
7  28 1.709471  79043.209270 3310.685695 69.625939 61968.128319 2468.577077 46.100856
7  29 1.709471  84804.074331 3429.251676 69.358271 66254.441657 2546.205102 45.410544
7  30 1.709471  90768.709981 3549.087564 70.101137 70675.305508 2625.994761 46.675048
7  31 1.709471  96935.213333 3665.427260 68.055948 75231.665907 2704.729601 46.058004
7  32 1.709471  103298.951373 3779.842742 66.930329 79921.896233 2782.616190 45.561798
7  33 1.709471  109858.785136 3894.849904 67.276447 84744.346700 2859.420860 44.928900
7  34 1.709471  116615.754599 4010.482109 67.642083 89701.717549 2940.466602 47.409826
7  35 1.709471  123571.678673 4127.617310 68.521299 94798.104275 3022.062808 47.731835
7  36 1.709471  130726.249008 4242.888761 67.431050 100031.709831 3101.006087 46.179936
7  37 1.709471  138079.284941 4359.812593 68.397654 105400.206221 3179.878649 46.138568
7  38 1.709471  145631.507802 4475.927968 67.924725 110902.248264 3257.248133 45.259303
7  39 1.709471  153381.810649 4591.556730 67.640068 116536.649261 3334.732313 45.326398
7  40 1.709471  161329.455359 4706.808536 67.419558 122304.927481 3413.878098 46.298397
7  41 1.709471  169473.344419 4821.153260 66.888937 128206.853628 3491.094015 45.169470
7  42 1.709471  177813.590938 4936.537397 67.496968 134237.073541 3563.975685 42.634039
7  43 1.709471  186350.506955 5051.247193 67.102495 140392.277731 3637.319660 42.904476
7  44 1.709471  195082.380675 5164.628611 66.325426 146672.316876 3710.026627 42.531842
7  45 1.709471  204008.323544 5278.298842 66.494374 153075.717181 3781.646334 41.895821
7  46 1.709471  213129.314123 5392.825131 66.995148 159599.834519 3851.259798 40.722216
7  47 1.709471  222446.176503 5507.459506 67.058376 166242.698112 3920.573790 40.547033
7  48 1.709471  231958.890448 5621.962122 66.981300 173004.378256 3990.269495 40.770326
7  49 1.709471  241667.509686 5736.659355 67.095146 179885.106567 4059.854467 40.705549
7  50 1.709471  251572.115588 5851.257172 67.036990 186884.829254 4129.487241 40.733513
7  51 1.709471  261672.428783 5965.627554 66.903946 194003.698863 4199.250683 40.809950
7  52 1.709471  271968.224051 6079.961874 66.882851 201241.787614 4268.967952 40.782940
7  53 1.709471  282459.318328 6194.118081 66.778659 208599.157017 4338.803355 40.852046
7  54 1.709471  293145.356459 6308.036885 66.639784 216075.895713 4408.624333 40.843607
7  55 1.709471  304025.986857 6421.781753 66.538036 223672.027922 4478.488070 40.868620
7  56 1.709471  315101.209286 6535.700281 66.639622 231387.556505 4548.312397 40.845566
7  57 1.709471  326371.444547 6649.937466 66.826029 239222.167583 4617.808910 40.653803
7  58 1.709471  337837.153781 6764.395507 66.955225 247175.408718 4687.103906 40.535920
7  59 1.709471  349498.870686 6879.257091 67.191287 255248.339175 4757.839708 41.378758
7  60 1.709471  361356.543167 6993.654186 66.919573 263441.027622 4827.215042 40.582916
7  61 1.709471  373409.546186 7107.784505 66.763515 271752.930177 4897.314529 41.006528
7  62 1.709471  385657.761379 7222.043120 66.838565 280183.513218 4966.065551 40.217709
7  63 1.709471  398098.860946 7333.450022 65.170381 288732.247377 5035.545703 40.644232
7  64 1.709471  410730.988640 7445.536919 65.568162 297399.762500 5105.033612 40.648770
7  65 1.709471  423554.652822 7557.538577 65.518299 306184.881828 5173.137015 39.838867
7  66 1.709471  436571.005364 7670.973111 66.356498 315085.328476 5239.961076 39.090482
7  67 1.709471  449780.753509 7783.802208 66.002331 324097.456935 5303.799408 37.343902
7  68 1.709471  463185.531906 7899.149205 67.475242 333221.984346 5371.462488 39.581288
7  69 1.709471  476789.233713 8016.533111 68.666786 342460.896512 5437.624118 38.702976
7  70 1.709471  490592.276855 8132.369060 67.761268 351814.198354 5505.292952 39.584655
7  71 1.709471  504597.063988 8252.563958 70.311149 361284.403927 5574.395907 40.423581
7  72 1.709471  518806.657111 8371.982299 69.856882 370872.418392 5643.123739 40.204143
7  73 1.709471  533219.070341 8489.853811 68.952024 380576.429240 5710.106142 39.183108
7  74 1.709471  547834.936875 8610.012962 70.290238 390396.507451 5778.917018 40.252722
7  75 1.709471  562656.279968 8730.251585 70.336727 400335.396688 5849.109375 41.060855
7  76 1.709471  577683.732689 8851.151398 70.723507 410394.859785 5919.982685 41.459196
7  77 1.709471  592918.913664 8973.283735 71.444505 420574.268166 5989.439636 40.630660
7  78 1.709471  608362.957750 9095.511276 71.500196 430872.497946 6058.998055 40.690016
7  79 1.709471  624013.563571 9214.951114 69.869457 441290.446100 6129.504426 41.244546
7  80 1.709471  639868.092181 9334.091212 69.694116 451828.445624 6199.452431 40.917915
7  81 1.709471  655926.591520 9453.587141 69.902269 462484.129761 6267.189810 39.624752
7  82 1.709471  672188.207747 9571.728282 69.109751 473256.705859 6336.210450 40.375428
7  83 1.709471  688652.266053 9690.434718 69.440434 484147.388248 6405.368538 40.455832
7  84 1.709471  705320.186858 9810.237685 70.081878 495157.945625 6476.458468 41.585914
7  85 1.709471  722193.379713 9930.593226 70.405122 506288.874581 6546.197546 40.795698
7  86 1.709471  739272.790158 10051.502429 70.729001 517541.374778 6618.691021 42.406954
7  87 1.709471  756555.965982 10168.989002 68.726843 528921.272205 6695.246230 44.782971
7  88 1.709471  774039.500120 10285.912101 68.397225 540432.999281 6772.925423 45.440476
7  89 1.709471  791722.865399 10402.781907 68.366049 552079.568742 6853.005389 46.844870
7  90 1.709471  809604.499449 10517.877107 67.327948 563862.534001 6932.502002 46.503623
7  91 1.709471  827684.157326 10634.460339 68.198411 575782.357418 7013.122907 47.161307
7  92 1.709471  845963.227990 10751.180559 68.278545 587839.922066 7093.652672 47.107992
7  93 1.709471  864441.486774 10867.500938 68.044648 600036.066083 7175.254160 47.734924
8  1 1.709471  186.665256 118.369689 68.094581 253.726636 169.270996 50.361414
8  2 1.709471  488.662864 234.953109 68.198521 616.707513 255.399318 50.383014
8  3 1.709471  990.085505 351.687466 68.286815 1126.734880 341.308377 50.254751
8  4 1.709471  1691.140084 468.512956 68.340126 1783.621747 427.217929 50.255039
8  5 1.709471  2591.804556 585.221521 68.271728 2587.378090 513.138659 50.261578
8  6 1.709471  3689.232370 698.716682 66.391963 3538.681624 599.841106 50.718864
8  7 1.709471  4978.268066 809.393605 64.743361 4638.339126 686.705726 50.813732
8  8 1.709471  6455.824686 919.277172 64.279266 5889.723407 777.354200 53.027196
8  9 1.709471  8122.415089 1030.554115 65.094358 7296.350833 868.332802 53.220313
8  10 1.709471  9978.908099 1141.454165 64.873885 8858.748958 959.598489 53.388251
8  11 1.709471  12027.022340 1254.741817 66.270575 10576.184258 1049.718903 52.718293
8  12 1.709471  14269.669463 1369.048358 66.866601 12447.900928 1140.100333 52.870981
8  13 1.709471  16705.184099 1480.387608 65.130806 14473.813621 1230.120896 52.659882
8  14 1.709471  19331.315336 1592.060692 65.326091 16653.965548 1320.552882 52.900555
8  15 1.709471  22149.225338 1704.759616 65.926183 18989.848778 1412.319093 53.681045
8  16 1.709471  25158.719527 1816.205054 65.192924 21482.928873 1504.465716 53.903577
8  17 1.709471  28357.508053 1926.224963 64.359023 24132.732476 1595.678123 53.357083
8  18 1.709471  31742.582622 2034.150839 63.134063 26936.873951 1685.033665 52.270861
8  19 1.709471  35312.044972 2141.949874 63.059865 29894.234798 1774.937483 52.591590
8  20 1.709471  39064.463391 2248.200713 62.154207 33006.358408 1866.098715 53.327147
8  21 1.709471  42999.691031 2355.827944 62.959364 36275.188826 1958.276974 53.922084
8  22 1.709471  47119.038597 2463.612245 63.051246 39704.368313 2053.699479 55.819890
8  23 1.709471  51423.115120 2571.952014 63.376181 43296.029121 2148.372370 55.381384
8  24 1.709471  55912.065000 2679.905256 63.150073 47046.192538 2239.139972 53.096882
8  25 1.709471  60585.802449 2788.144655 63.317467 50951.490576 2329.872479 53.076353
8  26 1.709471  65444.464427 2896.258136 63.243808 55012.790948 2421.655262 53.690740
8  27 1.709471  70488.093506 3004.547341 63.346602 59232.091605 2514.725276 54.443738
8  28 1.709471  75718.230744 3114.463788 64.298500 63608.763991 2605.772681 53.260561
8  29 1.709471  81136.360328 3224.489419 64.362371 68139.780319 2695.300325 52.371537
8  30 1.709471  86742.659119 3334.612786 64.419544 72825.280362 2786.511261 53.356222
8  31 1.709471  92536.226212 3443.584401 63.745796 77668.332155 2879.628358 54.471281
8  32 1.709471  98519.204336 3556.214658 65.886014 82670.969021 2973.218185 54.747817
8  33 1.709471  104693.442607 3667.349653 65.011321 87835.441314 3068.968090 56.011411
8  34 1.709471  111058.529740 3779.498724 65.604532 93162.293112 3163.194461 55.120180
8  35 1.709471  117614.723676 3890.935498 65.187856 98650.064698 3257.236567 55.012390
8  36 1.709471  124358.300533 3998.727804 63.055928 104299.722950 3352.594139 55.781906
8  37 1.709471  131285.396982 4105.644668 62.543816 110111.192143 3446.547651 54.960564
8  38 1.709471  138396.355458 4213.837607 63.290289 116081.855681 3538.843930 53.991122
8  39 1.709471  145691.091847 4320.656061 62.486248 122208.767814 3629.351056 52.944511
8  40 1.709471  153167.919285 4426.875450 62.135810 128490.951211 3720.503904 53.322242
8  41 1.709471  160825.310901 4531.907539 61.441267 134928.287223 3810.872215 52.863307
8  42 1.709471  168662.414370 4637.129746 61.552482 141520.274781 3901.438838 52.979314
8  43 1.709471  176677.274644 4739.874524 60.103245 148268.843509 3994.064715 54.183929
8  44 1.709471  184867.970333 4842.848795 60.237493 155176.009283 4086.989819 54.358970
8  45 1.709471  193235.260665 4946.481833 60.622856 162243.962848 4182.178762 55.683262
8  46 1.709471  201782.658894 5053.566446 62.641945 169474.345423 4277.024014 55.482211
8  47 1.709471  210512.747564 5160.220936 62.390334 176867.045737 4372.082774 55.607108
8  48 1.709471  219425.123470 5266.833818 62.365993 184422.400333 4467.321767 55.712539
8  49 1.709471  228519.654283 5373.333490 62.299769 192140.502892 4562.490130 55.671223
8  50 1.709471  237796.081481 5479.643912 62.189062 200021.079612 4657.408786 55.525150
8  51 1.709471  247254.232281 5585.941438 62.181517 208063.823526 4752.218014 55.461137
8  52 1.709471  256893.907219 5692.018497 62.052550 216268.645699 4847.032618 55.464282
8  53 1.709471  266714.551851 5797.667348 61.802058 224635.696988 4942.018342 55.564384
8  54 1.709471  276715.786463 5903.300162 61.792677 233165.189118 5037.080655 55.609186
8  55 1.709471  286897.403095 6008.705708 61.659731 241857.000280 5131.923868 55.481018
8  56 1.709471  297259.373434 6114.305398 61.773300 250711.096736 5226.946708 55.586095
8  57 1.709471  307801.861392 6219.902713 61.771911 259727.466314 5321.775682 55.472688
8  58 1.709471  318524.744049 6325.358592 61.689175 268905.991820 5416.661410 55.505888
8  59 1.709471  329429.438433 6432.613762 62.741717 278245.831248 5510.505278 54.896425
8  60 1.709471  340517.902075 6540.359859 63.028897 287747.748474 5606.284703 56.028679
8  61 1.709471  351790.127992 6647.606860 62.736939 297415.736880 5704.800639 57.629473
8  62 1.709471  363246.785928 6756.136525 63.487266 307250.289272 5801.156622 56.365952
8  63 1.709471  374888.697583 6864.344876 63.299305 317248.353409 5896.101582 55.540537
8  64 1.709471  386715.024378 6971.893444 62.913348 327407.080207 5989.124274 54.416057
8  65 1.709471  398726.027858 7080.407790 63.478305 337724.264851 6081.489703 54.031573
8  66 1.709471  410921.226338 7187.392808 62.583684 348198.737976 6173.144297 53.615752
8  67 1.709471  423298.632608 7293.582214 62.118270 358828.975005 6263.726041 52.988161
8  68 1.709471  435859.815453 7402.402636 63.657352 369614.913316 6355.307371 53.572894
8  69 1.709471  448608.601287 7513.068765 64.737046 380558.236421 6447.858745 54.140347
8  70 1.709471  461546.900615 7624.124386 64.964890 391659.681561 6540.302609 54.077456
8  71 1.709471  474675.587338 7735.812935 65.335138 402919.331608 6632.950942 54.197066
8  72 1.709471  487994.060989 7846.166041 64.553935 414336.762811 6724.899036 53.787442
8  73 1.709471  501499.066860 7954.046737 63.107634 425912.492364 6818.152461 54.551030
8  74 1.709471  515186.900399 8060.065692 62.018560 437649.338396 6913.397633 55.716154
8  75 1.709471  529055.146392 8165.120705 61.454677 449546.267971 7005.442572 53.844094
8  76 1.709471  543103.863830 8271.208675 62.058933 461600.379947 7097.293545 53.730629
8  77 1.709471  557333.145807 8376.372603 61.518390 473812.492050 7190.295186 54.403742
8  78 1.709471  571744.097303 8483.753348 62.815175 486186.526974 7286.735523 56.415298
8  79 1.709471  586339.140016 8591.750549 63.175787 498725.267355 7382.992715 56.308162
8  80 1.709471  601116.811616 8697.420434 61.814363 511430.736085 7481.799740 57.799753
8  81 1.709471  616075.240712 8803.228198 61.895019 524302.461358 7577.504940 55.985260
8  82 1.709471  631213.744889 8908.099691 61.347323 537340.190897 7676.016816 57.627098
8  83 1.709471  646529.317256 9010.389536 59.837120 550543.299070 7770.990053 55.557079
8  84 1.709471  662020.077614 9113.061287 60.060526 563910.786810 7868.333070 56.943343
8  85 1.709471  677688.311260 9218.024817 61.401162 577442.452286 7963.070175 55.418948
8  86 1.709471  693535.472871 9322.398472 61.056099 591137.619271 8059.622036 56.480536
8  87 1.709471  709561.472337 9427.256578 61.339491 604997.501794 8155.779500 56.249824
8  88 1.709471  725766.985528 9532.420970 61.518661 619022.896156 8253.262992 57.025518
8  89 1.709471  742151.124351 9636.240048 60.731685 633214.527190 8350.268479 56.745897
8  90 1.709471  758712.517355 9739.799907 60.580048 647571.648272 8446.878456 56.514532
8  91 1.709471  775449.555413 9841.736384 59.630408 662091.174225 8540.274432 54.634419
8  92 1.709471  792362.214460 9945.268089 60.563578 676772.853324 8636.589904 56.342254
8  93 1.709471  809452.088604 10049.069595 60.721406 691618.777904 8732.433812 56.066401
9  1 1.709471  187.030955 118.797538 68.344863 253.514329 169.022607 50.216112
9  2 1.709471  489.918995 235.567023 68.307364 616.138000 255.229793 50.429148
9  3 1.709471  992.444136 352.363426 68.323111 1126.165120 341.477613 50.452918
9  4 1.709471  1694.693135 469.234411 68.366739 1783.653740 427.752716 50.468878
9  5 1.709471  2596.932889 586.343070 68.505773 2588.790471 514.218860 50.580632
9  6 1.709471  3701.386156 705.814579 69.887984 3543.685164 602.962389 51.912848
9  7 1.709471  5011.709557 827.201307 71.008341 4650.401404 691.842829 51.992938
9  8 1.709471  6528.919341 947.861780 70.583499 5908.151903 779.665269 51.374033
9  9 1.709471  8252.249873 1068.352753 70.484346 7314.125558 865.256852 50.069035
9  10 1.709471  10182.473106 1189.916372 71.111818 8867.020073 951.555669 50.482750
9  11 1.709471  12321.567810 1312.722412 71.838605 10570.093448 1040.958955 52.298791
9  12 1.709471  14671.690421 1436.808960 72.587671 12426.019440 1130.385941 52.312654
9  13 1.709471  17232.681214 1559.428127 71.729289 14434.650545 1219.616655 52.197839
9  14 1.709471  20003.431226 1682.217243 71.828705 16596.638065 1309.805633 52.758402
9  15 1.709471  22982.509575 1803.162345 70.750001 18909.054476 1395.611282 50.194259
9  16 1.709471  26168.820974 1924.670028 71.079097 21368.864733 1482.249404 50.681235
9  17 1.709471  29562.650153 2045.948249 70.944867 23977.200153 1569.378639 50.968525
9  18 1.709471  33163.984846 2167.441584 71.070704 26734.760182 1656.835080 51.159933
9  19 1.709471  36971.828141 2287.553464 70.262585 29640.549790 1742.800176 50.287531
9  20 1.709471  40985.889531 2408.706921 70.871884 32693.165378 1828.614474 50.199318
9  21 1.709471  45206.822020 2529.582783 70.709497 35894.116975 1916.346232 51.320986
9  22 1.709471  49632.538466 2648.294384 69.443455 39244.883014 2003.890227 51.211149
9  23 1.709471  54263.091548 2769.231878 70.745550 42746.977956 2093.393830 52.357474
9  24 1.709471  59098.808193 2888.325968 69.667203 46399.414718 2179.782987 50.535597
9  25 1.709471  64138.377454 3007.729717 69.848346 50197.820733 2264.170894 49.364913
9  26 1.709471  69381.385362 3126.339483 69.383885 54143.524658 2352.114517 51.444922
9  27 1.709471  74825.609356 3243.142940 68.327237 58242.258235 2443.208288 53.287684
9  28 1.709471  80470.656762 3361.293297 69.115142 62495.004347 2532.301838 52.117602
9  29 1.709471  86315.050658 3476.368826 67.316440 66898.570420 2619.660449 51.102704
9  30 1.709471  92357.763685 3593.317222 68.412023 71450.323556 2705.673635 50.315663
9  31 1.709471  98602.661307 3712.915159 69.961941 76149.752412 2792.433997 50.752743
9  32 1.709471  105051.244726 3831.619891 69.439437 80996.417043 2877.932470 50.014568
9  33 1.709471  111703.322678 3950.994057 69.831041 85989.344806 2963.554887 50.087072
9  34 1.709471  118561.575272 4072.834389 71.273689 91128.335406 3048.819022 49.877486
9  35 1.709471  125631.027095 4198.087082 73.269838 96414.591955 3135.849024 50.910475
9  36 1.709471  132912.732976 4321.161515 71.995609 101846.506489 3219.231918 48.777005
9  37 1.709471  140403.770115 4442.994669 71.269490 107421.018050 3302.680745 48.815574
9  38 1.709471  148103.609624 4565.450329 71.633641 113136.517223 3384.180698 47.675529
9  39 1.709471  156013.140848 4688.323976 71.878153 118991.517731 3465.890655 47.798376
9  40 1.709471  164134.328910 4813.078734 72.978559 124986.180419 3547.578788 47.785610
9  41 1.709471  172469.145797 4938.259513 73.227770 131120.212434 3628.946121 47.597950
9  42 1.709471  181017.854653 5063.322137 73.158653 137393.283646 3710.248016 47.559670
9  43 1.709471  189780.804217 5188.910923 73.466445 143802.857663 3788.647894 45.862059
9  44 1.709471  198758.352792 5314.392745 73.403874 150348.490827 3869.430729 47.256032
9  45 1.709471  207946.788016 5435.638246 70.925727 157032.805191 3950.898284 47.656577
9  46 1.709471  217341.388029 5555.595715 70.172259 163855.308770 4031.105518 46.919319
9  47 1.709471  226941.145854 5675.663101 70.236558 170815.037597 4111.445281 46.996845
9  48 1.709471  236746.016182 5795.567561 70.141250 177912.071239 4191.745603 46.973774
9  49 1.709471  246755.614722 5915.185345 69.973551 185146.481381 4272.169234 47.045906
9  50 1.709471  256969.701139 6034.808625 69.976766 192518.499565 4352.740449 47.132239
9  51 1.709471  267388.308262 6154.464817 69.996019 200028.323713 4433.395640 47.181364
9  52 1.709471  278011.335689 6273.970631 69.908052 207675.918132 4513.925095 47.107811
9  53 1.709471  288838.552659 6393.356844 69.838087 215460.945841 4594.186035 46.950736
9  54 1.709471  299869.934235 6512.833483 69.890985 223383.089923 4674.344710 46.890913
9  55 1.709471  311105.549288 6632.300271 69.885222 231442.452362 4754.724969 47.020535
9  56 1.709471  322545.339776 6751.709004 69.851261 239639.145534 4835.015119 46.967823
9  57 1.709471  334189.341171 6871.217293 69.909499 247972.985387 4915.180045 46.894570
9  58 1.709471  346037.798435 6990.912621 70.018913 256443.792125 4995.259842 46.844772
9  59 1.709471  358090.820066 7110.547844 69.983753 265052.607732 5076.643838 47.607697
9  60 1.709471  370349.633559 7231.679285 70.859004 273800.098285 5157.502917 47.300633
9  61 1.709471  382814.872750 7352.056066 70.417546 282682.919768 5234.974571 45.319070
9  62 1.709471  395485.751481 7472.267740 70.320962 291698.002452 5312.242214 45.199728
9  63 1.709471  408362.087445 7592.431230 70.292776 300845.687672 5390.113214 45.552678
9  64 1.709471  421445.739061 7714.817166 71.592855 310127.236765 5468.856562 46.062981
9  65 1.709471  434735.437824 7833.496562 69.424617 319546.090195 5550.752740 47.907311
9  66 1.709471  448228.732851 7953.015087 69.915486 329106.061057 5633.957226 48.672640
9  67 1.709471  461923.405891 8069.099233 67.906458 338809.787863 5718.940339 49.713095
9  68 1.709471  475818.010545 8186.925539 68.925579 348657.569200 5802.494158 48.876991
9  69 1.709471  489913.634094 8304.281752 68.650586 358648.273243 5886.153088 48.938480
9  70 1.709471  504210.052615 8421.846082 68.772329 368779.950783 5967.426425 47.542964
9  71 1.709471  518710.138208 8542.562512 70.616233 379050.346012 6048.446170 47.394619
9  72 1.709471  533416.812219 8663.544679 70.771682 389461.951215 6132.635360 49.248669
9  73 1.709471  548329.328605 8783.388273 70.105645 400014.883052 6213.791591 47.474460
9  74 1.709471  563446.029880 8902.431262 69.637309 410707.879819 6296.504647 48.385165
9  75 1.709471  578766.653383 9021.967554 69.925880 421541.834719 6378.705885 48.085764
9  76 1.709471  594292.228907 9142.215351 70.342094 432519.624672 6464.784798 50.354111
9  77 1.709471  610019.768570 9258.255965 67.880992 443642.583235 6548.546236 48.998444
9  78 1.709471  625948.080972 9377.109880 69.526706 454908.980749 6632.601529 49.170342
9  79 1.709471  642078.186210 9494.343960 68.579141 466318.959822 6716.529812 49.096044
9  80 1.709471  658407.056410 9609.655405 67.454446 477870.066364 6797.713937 47.490777
9  81 1.709471  674933.436184 9725.420741 67.719960 489561.113719 6880.253890 48.283904
9  82 1.709471  691655.102542 9838.131395 65.933045 501392.464362 6961.862092 47.738852
9  83 1.709471  708570.817892 9952.448807 66.872960 513361.633014 7041.494388 46.582994
9  84 1.709471  725680.705714 10065.303926 66.017553 525467.831767 7122.180775 47.199613
9  85 1.709471  742983.691431 10178.364136 66.137527 537711.589425 7202.431745 46.944904
9  86 1.709471  760479.304553 10290.668801 65.695551 550092.439223 7282.572040 46.880162
9  87 1.709471  778166.576120 10402.595378 65.474378 562609.952949 7362.322024 46.651839
9  88 1.709471  796047.712715 10517.481636 67.205722 575260.898690 7438.681133 44.668258
9  89 1.709471  814126.416026 10633.739015 68.007794 588040.999758 7513.427597 43.724899
9  90 1.709471  832403.505758 10749.584286 67.766721 600947.039135 7586.022949 42.466549
9  91 1.709471  850880.223411 10867.294161 68.857470 613978.082171 7659.675916 43.085230
9  92 1.709471  869558.420511 10985.305630 69.033895 627133.050058 7731.009115 41.728220
9  93 1.709471  888439.271782 11104.389876 69.661444 640408.308718 7800.410383 40.598086
10  1 1.709471  186.660688 118.364344 68.091455 253.526180 169.036472 50.224223
10  2 1.709471  488.143763 234.356476 67.852631 615.817449 254.827034 50.185433
10  3 1.709471  987.871927 350.301643 67.825158 1125.072515 340.977105 50.395737
10  4 1.709471  1685.960905 466.429166 67.931832 1781.676898 427.218709 50.449282
10  5 1.709471  2582.704957 582.718607 68.026549 2585.761298 513.521690 50.485186
10  6 1.709471  3680.106055 701.188339 69.301969 3538.239994 600.832958 51.075010
10  7 1.709471  4979.501292 819.042117 68.941649 4639.611187 687.718811 50.826152
10  8 1.709471  6478.888944 935.169926 67.931999 5890.297083 775.524039 51.363965
10  9 1.709471  8176.228527 1050.636435 67.545154 7292.841954 865.386569 52.567437
10  10 1.709471  10069.021037 1163.840529 66.221696 8849.732356 956.100949 53.065749
10  11 1.709471  12155.467255 1277.202038 66.313779 10560.275623 1045.153093 52.093381
10  12 1.709471  14437.374103 1392.520144 67.458343 12424.310295 1135.678572 52.955247
10  13 1.709471  16918.796246 1510.625417 69.088768 14440.907619 1223.644120 51.457748
10  14 1.709471  19601.121456 1627.567152 68.408126 16606.754819 1310.293809 50.688002
10  15 1.709471  22482.849316 1743.917007 68.061890 18919.773884 1395.828183 50.035569
10  16 1.709471  25563.637276 1860.457975 68.173687 21380.034983 1482.559966 50.736025
10  17 1.709471  28842.132115 1975.224626 67.135754 23989.252924 1570.100585 51.209175
10  18 1.709471  32318.077518 2091.465718 67.998267 26745.851732 1654.988550 49.657435
10  19 1.709471  35991.438073 2206.190938 67.111518 29647.169366 1739.414710 49.387291
10  20 1.709471  39863.236089 2323.628084 68.697930 32692.553261 1823.539204 49.210823
10  21 1.709471  43936.732750 2442.168733 69.343453 35879.355767 1904.867741 47.575255
10  22 1.709471  48211.591870 2559.212557 68.467846 39206.164046 1987.339279 48.243883
10  23 1.709471  52688.930926 2679.060603 70.108249 42672.815389 2068.477459 47.463900
10  24 1.709471  57373.032241 2801.114538 71.398641 46279.398541 2151.052821 48.304618
10  25 1.709471  62265.034177 2922.294413 70.887337 50027.627833 2234.196686 48.637178
10  26 1.709471  67363.222401 3042.342663 70.225363 53916.286125 2315.348054 47.471615
10  27 1.709471  72664.588422 3160.002744 68.828342 57944.264807 2397.194899 47.878452
10  28 1.709471  78165.364534 3275.642960 67.646769 62114.438127 2481.708998 49.438733
10  29 1.709471  83867.178474 3395.207413 69.942354 66428.146238 2565.123759 48.795646
10  30 1.709471  89775.307082 3517.021283 71.258209 70882.342547 2646.073490 47.353662
10  31 1.709471  95893.322215 3640.764638 72.386911 75475.589827 2727.806762 47.812015
10  32 1.709471  102222.477501 3764.045192 72.116185 80210.163627 2811.418779 48.911036
10  33 1.709471  108762.572726 3887.554305 72.249886 85087.125474 2894.393985 48.538516
10  34 1.709471  115515.905096 4013.522482 73.688380 90105.991141 2977.439482 48.579636
10  35 1.709471  122485.550455 4140.630186 74.354976 95267.585389 3061.379618 49.102978
10  36 1.709471  129671.253342 4266.299485 73.513543 100572.318954 3144.905655 48.860740
10  37 1.709471  137073.174108 4393.594793 74.464719 106021.926129 3230.874833 50.289919
10  38 1.709471  144690.589998 4518.418503 73.018894 111616.969832 3315.059455 49.245997
10  39 1.709471  152520.370271 4642.050991 72.322057 117353.716388 3396.660414 47.734615
10  40 1.709471  160561.572634 4765.772266 72.373996 123229.834749 3478.117820 47.650640
10  41 1.709471  168812.728122 4887.686134 71.316706 129244.948775 3559.278713 47.477187
10  42 1.709471  177274.559635 5012.253168 72.868744 135396.782834 3638.073737 46.093210
10  43 1.709471  185948.294718 5135.603204 72.156830 141684.749457 3718.547321 47.075127
10  44 1.709471  194832.738201 5258.771948 72.050778 148109.594502 3798.214964 46.603671
10  45 1.709471  203929.672792 5384.207666 73.376904 154671.150546 3878.492668 46.960543
10  46 1.709471  213242.688741 5511.576830 74.507923 161369.314568 3958.039784 46.533166
10  47 1.709471  222773.438716 5638.946093 74.507981 168203.846330 4038.036420 46.796125
10  48 1.709471  232521.940729 5766.336330 74.520251 175175.267190 4118.193499 46.889979
10  49 1.709471  242488.215364 5893.729673 74.522068 182283.671016 4198.299958 46.860369
10  50 1.709471  252672.010766 6020.825254 74.347884 189528.851424 4278.215575 46.748730
10  51 1.709471  263073.305637 6148.193678 74.507491 196910.728487 4358.228527 46.805669
10  52 1.709471  273692.289296 6275.510754 74.477453 204429.152788 4437.969331 46.646469
10  53 1.709471  284528.874468 6402.777071 74.447761 212083.721917 4517.511482 46.530262
10  54 1.709471  295583.032910 6530.061101 74.458122 219874.428267 4597.243387 46.641263
10  55 1.709471  306854.672811 6657.220007 74.384928 227801.353782 4676.881408 46.586343
10  56 1.709471  318343.826502 6784.541863 74.480249 235864.622382 4756.758293 46.726073
10  57 1.709471  330050.623527 6911.852327 74.473586 244064.309984 4836.485136 46.638302
10  58 1.709471  341974.979074 7039.074958 74.422205 252400.470072 4916.424591 46.762675
10  59 1.709471  354118.361010 7168.102755 75.478185 260872.712305 4995.694756 46.371156
10  60 1.709471  366482.375283 7297.204270 75.521307 269479.815649 5074.205660 45.927007
10  61 1.709471  379065.802709 7424.805680 74.643782 278222.055634 5153.798181 46.559727
10  62 1.709471  391866.917224 7551.887782 74.339999 287102.718710 5236.154075 48.176234
10  63 1.709471  404884.970144 7678.613267 74.131387 296123.579505 5317.822825 47.774272
10  64 1.709471  418120.707063 7806.567678 74.850279 305283.823496 5399.225766 47.618779
10  65 1.709471  431577.777223 7937.562604 76.628908 314580.646652 5477.613934 45.855209
10  66 1.709471  445261.228099 8071.422319 78.304741 324011.239049 5555.729399 45.695684
10  67 1.709471  459175.993735 8208.189841 80.005739 333573.973458 5632.213785 44.741542
10  68 1.709471  473323.132369 8343.287645 79.028994 343270.134632 5711.832352 46.574963
10  69 1.709471  487702.075787 8479.390382 79.616856 353101.969684 5790.945750 46.279451
10  70 1.709471  502314.327763 8616.247532 80.058169 363069.111498 5870.134812 46.323713
10  71 1.709471  517159.763520 8752.204283 79.531457 373172.016272 5949.781937 46.591668
10  72 1.709471  532237.829572 8888.413882 79.679367 383415.947526 6035.129070 49.926038
10  73 1.709471  547547.654934 9023.351624 78.935361 393807.103765 6122.028146 50.833887
10  74 1.709471  563087.627056 9157.674614 78.575746 404343.136797 6204.628009 48.318950
10  75 1.709471  578855.292059 9289.741436 77.255941 415021.005793 6287.969458 48.752760
10  76 1.709471  594849.823781 9423.097856 78.010326 425840.999650 6370.907320 48.516671
10  77 1.709471  611073.013585 9557.260486 78.481939 436804.433655 6455.787589 49.652934
10  78 1.709471  627522.924119 9688.350296 76.684413 447911.350412 6538.775297 48.545830
10  79 1.709471  644199.303830 9822.218623 78.309779 459155.946584 6616.865937 45.681162
10  80 1.709471  661104.057056 9955.536417 77.987731 470533.196031 6693.973303 45.105971
10  81 1.709471  678235.245769 10087.137342 76.983403 482044.130052 6773.270512 46.386976
10  82 1.709471  695590.206829 10217.339390 76.165093 493689.620256 6851.397621 45.702495
10  83 1.709471  713168.802279 10348.778914 76.888987 505468.562169 6929.402647 45.631080
10  84 1.709471  730971.158592 10479.128928 76.251650 517379.458910 7005.778476 44.678039
10  85 1.709471  748996.030184 10609.111178 76.036517 529422.412230 7083.902546 45.700718
10  86 1.709471  767241.950492 10737.745383 75.247942 541600.830411 7164.265902 47.010647
10  87 1.709471  785708.857984 10867.655644 75.994405 553915.344135 7243.127842 46.132354
10  88 1.709471  804398.318749 10998.122099 76.319765 566364.944936 7322.311338 46.320457
10  89 1.709471  823309.439693 11126.987481 75.383175 578951.086320 7402.873814 47.127127
10  90 1.709471  842439.894545 11254.732311 74.727680 591674.410919 7482.809156 46.760269
10  91 1.709471  861789.805546 11383.740709 75.466836 604533.593320 7561.820963 46.220023
10  92 1.709471  881359.541523 11511.917049 74.980102 617526.278650 7639.001216 45.148608
10  93 1.709471  901149.683767 11641.605530 75.864669 630651.219687 7716.553833 45.366432
11  1 1.709471  186.977257 118.734715 68.308113 253.414638 168.905973 50.147884
11  2 1.709471  489.636471 235.362131 68.224258 615.224157 254.393909 50.008404
11  3 1.709471  991.875942 352.234096 68.367313 1123.110351 339.808716 49.965625
11  4 1.709471  1694.115902 469.353165 68.511862 1776.896052 425.089373 49.887151
11  5 1.709471  2596.732425 586.665119 68.624695 2576.465750 510.369040 49.886572
11  6 1.709471  3699.995712 704.100309 68.696786 3522.581053 596.540741 50.408390
11  7 1.709471  5003.608162 821.064084 68.421019 4615.921648 682.615610 50.351746
11  8 1.709471  6507.180919 938.044332 68.430656 5857.403199 769.858595 51.035066
11  9 1.709471  8210.836117 1055.150998 68.504607 7249.699148 859.061263 52.181433
11  10 1.709471  10114.436769 1171.970976 68.336902 8795.285941 949.201572 52.729931
11  11 1.709471  12219.105351 1290.390887 69.272824 10494.748121 1039.088127 52.581492
11  12 1.709471  14523.148609 1405.229839 67.178048 12349.101380 1130.416746 53.425064
11  13 1.709471  17022.159197 1518.493365 66.256462 14359.994040 1222.231761 53.709594
11  14 1.709471  19716.493187 1633.748903 67.421741 16527.766423 1313.958539 53.657978
11  15 1.709471  22611.121754 1752.828467 69.658705 18851.331824 1404.502163 52.965861
11  16 1.709471  25707.631889 1869.940710 68.507870 21328.958196 1494.202528 52.472574
11  17 1.709471  29002.871031 1985.331927 67.501110 23962.258924 1586.633735 54.070052
11  18 1.709471  32493.908171 2099.015030 66.501904 26753.450918 1678.927778 53.989815
11  19 1.709471  36179.772853 2213.270859 66.836936 29704.399518 1773.541345 55.346680
11  20 1.709471  40061.529294 2328.199045 67.230248 32817.939393 1869.151815 55.929845
11  21 1.709471  44142.062085 2445.829708 68.811133 36095.644032 1965.606289 56.423567
11  22 1.709471  48421.619988 2561.048936 67.400501 39540.041310 2064.174253 57.659908
11  23 1.709471  52899.912974 2678.340275 68.612636 43152.789609 2162.568954 57.558554
11  24 1.709471  57576.673279 2793.246234 67.217246 46932.942590 2260.029748 57.012240
11  25 1.709471  62451.518474 2910.090150 68.350904 50879.023393 2356.696592 56.547799
11  26 1.709471  67526.125197 3026.957694 68.364726 54989.404737 2452.253545 55.898539
11  27 1.709471  72802.569869 3146.230924 69.771995 59263.570129 2548.316117 56.194314
11  28 1.709471  78283.963931 3266.738706 70.494179 63700.093024 2642.204080 54.922220
11  29 1.709471  83968.464477 3383.855824 68.510721 68295.644528 2734.372005 53.916038
11  30 1.709471  89853.750009 3501.647562 68.905358 73049.237014 2827.104492 54.246294
11  31 1.709471  95938.460167 3617.173126 67.579700 77962.175863 2920.799649 54.809432
11  32 1.709471  102221.546669 3733.738424 68.187919 83036.038775 3015.377970 55.326063
11  33 1.709471  108702.299083 3848.432815 67.093484 88270.449784 3108.633267 54.552125
11  34 1.709471  115377.485762 3961.217242 65.976201 93663.299833 3200.744089 53.882634
11  35 1.709471  122245.049935 4073.505307 65.685840 99214.724819 3294.158382 54.645134
11  36 1.709471  129305.310452 4186.662775 66.194420 104924.966057 3386.551529 54.047788
11  37 1.709471  136561.437181 4302.659433 67.855279 110793.011713 3478.782025 53.952641
11  38 1.709471  144014.950880 4417.596116 67.235218 116818.128139 3570.316839 53.545683
11  39 1.709471  151663.892225 4531.300459 66.514329 122998.408857 3660.316846 52.647858
11  40 1.709471  159504.887225 4642.289731 64.926078 129332.998503 3750.850926 52.960278
11  41 1.709471  167538.886045 4757.105725 67.164618 135823.545947 3842.780031 53.776334
11  42 1.709471  175772.089133 4875.349224 69.169627 142471.274068 3934.744823 53.797211
11  43 1.709471  184206.322773 4992.301883 68.414517 149276.403277 4026.931795 53.927180
11  44 1.709471  192841.785392 5110.777532 69.305430 156239.239958 4119.255044 54.006899
11  45 1.709471  201677.975230 5227.143155 68.071114 163358.713338 4210.189264 53.194350
11  46 1.709471  210715.481558 5346.308225 69.708724 170631.045078 4298.092033 51.421024
11  47 1.709471  219956.637359 5465.403326 69.667795 178053.606685 4385.951045 51.395426
11  48 1.709471  229401.183014 5584.264654 69.531042 185626.725569 4474.236866 51.645100
11  49 1.709471  239048.629482 5702.787600 69.333098 193350.749764 4562.503063 51.633620
11  50 1.709471  248898.762649 5821.398424 69.384503 201225.714807 4650.830458 51.669420
11  51 1.709471  258951.640065 5939.988703 69.372485 209251.531977 4738.992857 51.572901
11  52 1.709471  269207.585384 6058.978186 69.606010 217427.849608 4826.908821 51.428742
11  53 1.709471  279667.024951 6178.067267 69.664272 225754.603853 4914.996520 51.529204
11  54 1.709471  290330.145354 6297.275051 69.733711 234232.249869 5003.444995 51.740249
11  55 1.709471  301196.844013 6416.244118 69.594067 242860.844098 5091.598731 51.567833
11  56 1.709471  312267.011945 6535.324396 69.659123 251640.229303 5179.863246 51.632636
11  57 1.709471  323540.686968 6654.337708 69.619950 260570.262251 5267.849405 51.469805
11  58 1.709471  335017.843525 6773.388086 69.641633 269650.634033 5355.752512 51.421221
11  59 1.709471  346699.447111 6893.530982 70.280729 278880.443943 5442.684887 50.853367
11  60 1.709471  358586.824543 7014.133671 70.549697 288258.850483 5529.603482 50.845305
11  61 1.709471  370678.877094 7132.991110 69.528768 297784.965276 5615.496499 50.245367
11  62 1.709471  382974.256865 7252.016821 69.627203 307458.219069 5701.749094 50.455711
11  63 1.709471  395471.240184 7368.857646 68.349096 317279.786034 5789.015838 51.048964
11  64 1.709471  408166.978835 7484.551081 67.677901 327249.366758 5874.918131 50.250793
11  65 1.709471  421060.119724 7599.808849 67.423046 337367.195432 5962.458870 51.209244
11  66 1.709471  434148.287053 7712.722716 66.051920 347634.771735 6050.115716 51.277165
11  67 1.709471  447429.906391 7826.138472 66.345513 358053.015915 6138.733100 51.839057
11  68 1.709471  460904.839705 7938.890849 65.957452 368622.500821 6227.060152 51.669219
11  69 1.709471  474572.534989 8051.660784 65.967723 379342.799399 6315.177903 51.546783
11  70 1.709471  488434.733302 8166.450115 67.149022 390211.912575 6401.166136 50.301066
11  71 1.709471  502492.321966 8280.258176 66.575001 401227.462786 6486.502248 49.919591
11  72 1.709471  516742.356815 8391.602973 65.134051 412388.638873 6571.541466 49.745914
11  73 1.709471  531182.771537 8502.993548 65.160830 423694.532988 6655.815439 49.298265
11  74 1.709471  545812.339337 8612.903053 64.294439 435142.723686 6738.021682 48.088692
11  75 1.709471  560631.540292 8724.855296 65.489392 446730.020516 6818.562979 47.114738
11  76 1.709471  575643.289803 8838.175679 66.289722 458454.533740 6898.558318 46.795366
11  77 1.709471  590848.504701 8951.200573 66.116868 470317.846735 6980.952091 48.198392
11  78 1.709471  606244.972612 9061.932581 64.775584 482321.584498 7062.848600 47.907505
11  79 1.709471  621832.162805 9174.336548 65.753640 494466.835850 7146.516241 48.943575
11  80 1.709471  637613.483850 9289.056420 67.108389 506756.317100 7231.590702 49.766531
11  81 1.709471  653589.745825 9402.408138 66.308053 519192.284710 7317.898295 50.487884
11  82 1.709471  669757.362176 9512.931914 64.653773 531775.712225 7404.111760 50.432821
11  83 1.709471  686114.549064 9624.196626 65.087203 544504.945851 7488.484490 49.356035
11  84 1.709471  702662.787234 9736.452801 65.667185 557378.829059 7573.344872 49.641300
11  85 1.709471  719402.739860 9848.493397 65.541077 570397.782924 7658.210240 49.644216
11  86 1.709471  736334.743743 9961.143613 65.897690 583563.749413 7745.342630 50.970371
11  87 1.709471  753459.461609 10073.959565 65.994642 596878.654583 7832.461394 50.962399
11  88 1.709471  770776.201997 10185.800806 65.424459 610342.101471 7919.129355 50.698690
11  89 1.709471  788284.048639 10297.544767 65.367553 623955.326595 8007.694788 51.808666
11  90 1.709471  805982.337771 10408.609437 64.970183 637720.659880 8097.088648 52.293276
11  91 1.709471  823872.315116 10521.810834 66.220118 651636.136324 8183.355123 50.463831
11  92 1.709471  841960.255951 10640.217279 69.264947 665699.953287 8270.639981 51.059560
11  93 1.709471  860251.940223 10760.180937 70.175879 679912.596651 8357.474914 50.796365
