nmc=10
nx=4
kmax=20
run number  , frame , sample interval , truth:
1  1 2.959494  19.217054 -3.686779 129.566175 1.999445
1  2 2.959494  7.039708 -4.003095 130.773563 -1.212127
1  3 2.959494  -1.919453 -1.652832 122.230044 -4.199053
1  4 2.959494  -0.645067 2.474016 109.551776 -3.788925
1  5 2.959494  10.237806 4.383140 102.978366 -0.349454
1  6 2.959494  21.189188 2.488515 106.510169 2.534385
1  7 2.959494  24.486581 -0.409432 116.097635 3.512265
1  8 2.959494  19.044032 -3.026665 124.301413 1.645869
1  9 2.959494  9.118207 -3.237997 124.043613 -1.844102
1  10 2.959494  3.590899 -0.222673 114.624940 -4.127312
1  11 2.959494  8.626464 3.423237 103.768673 -2.716837
1  12 2.959494  21.015667 4.400778 100.729710 0.789785
1  13 2.959494  32.254458 2.726079 108.907952 4.401672
1  14 2.959494  33.786865 -1.764092 123.983928 5.123714
1  15 2.959494  22.268468 -5.531285 136.461581 2.810159
1  16 2.959494  3.836341 -6.126107 137.416140 -2.185965
1  17 2.959494  -9.529755 -2.314906 124.185059 -6.162301
1  18 2.959494  -8.162408 3.167318 104.567007 -6.250525
1  19 2.959494  7.889731 6.966358 92.337924 -1.461921
1  20 2.959494  28.006921 5.737439 96.584325 4.116269
2  1 1.542895  23.634564 -1.737380 125.948467 3.572509
2  2 1.542895  19.929505 -2.976193 130.624839 2.379959
2  3 1.542895  14.698474 -3.682333 133.175440 0.868267
2  4 1.542895  8.929710 -3.661141 133.226102 -0.802614
2  5 1.542895  3.638172 -3.078067 130.587045 -2.560730
2  6 1.542895  -0.021160 -1.579848 125.813181 -3.513863
2  7 1.542895  -1.236956 0.029844 119.989598 -3.900699
2  8 1.542895  0.281860 1.906135 114.200659 -3.468694
2  9 1.542895  4.357635 3.282996 109.686290 -2.278740
2  10 1.542895  9.960944 3.848319 107.448155 -0.570444
2  11 1.542895  15.983520 3.820851 107.898175 1.142158
2  12 1.542895  21.310435 2.961459 110.902031 2.681023
2  13 1.542895  24.799880 1.481249 115.689938 3.408564
2  14 1.542895  25.701556 -0.335876 121.381145 3.838846
2  15 1.542895  23.943325 -1.900373 127.039131 3.365429
2  16 1.542895  19.730185 -3.467859 131.413865 2.204523
2  17 1.542895  13.779433 -4.108049 133.215314 0.082673
2  18 1.542895  7.723490 -3.599368 131.764507 -1.932694
2  19 1.542895  2.996767 -2.419030 127.656371 -3.296401
2  20 1.542895  0.545284 -0.701971 121.989120 -3.916194
3  1 1.504659  23.658226 -1.753248 125.673746 3.409851
3  2 1.504659  20.046530 -2.963919 130.149824 2.440744
3  3 1.504659  14.905590 -3.753386 132.715226 0.911237
3  4 1.504659  9.239826 -3.647085 132.719576 -0.907083
3  5 1.504659  4.189461 -2.952645 130.437401 -2.068950
3  6 1.504659  0.701346 -1.602186 126.524770 -3.041282
3  7 1.504659  -0.313411 0.283131 121.597121 -3.396310
3  8 1.504659  1.062885 1.511246 116.681451 -3.027921
3  9 1.504659  4.376199 2.820167 112.797777 -2.045995
3  10 1.504659  9.305355 3.623353 110.825220 -0.529885
3  11 1.504659  14.770822 3.518048 111.001548 0.754314
3  12 1.504659  19.716626 2.945793 113.310637 2.263498
3  13 1.504659  23.178181 1.575433 117.484091 3.187067
3  14 1.504659  24.515758 0.174700 122.406495 3.238954
3  15 1.504659  23.480061 -1.532617 127.370570 3.251339
3  16 1.504659  20.195239 -2.758531 131.564034 2.227155
3  17 1.504659  15.435448 -3.460529 133.861829 0.774603
3  18 1.504659  10.173586 -3.413751 133.871305 -0.761350
3  19 1.504659  5.474546 -2.725577 131.541986 -2.283909
3  20 1.504659  2.317024 -1.398933 127.233119 -3.347640
4  1 2.751484  21.454032 -2.398382 130.008284 2.865773
4  2 2.751484  11.837127 -4.218368 134.549778 0.249682
4  3 2.751484  0.514285 -3.569421 130.508322 -3.023980
4  4 2.751484  -5.157666 -0.323797 118.927867 -4.924553
4  5 2.751484  -0.902433 3.229443 106.707118 -3.440371
4  6 2.751484  10.643850 4.679018 101.708066 0.013873
4  7 2.751484  21.361468 2.633539 106.713057 3.413221
4  8 2.751484  23.770484 -0.998948 117.542946 3.991841
4  9 2.751484  16.845882 -3.753506 126.070322 1.843055
4  10 2.751484  6.288968 -3.453735 126.766524 -1.357401
4  11 2.751484  -0.613427 -1.271073 119.537740 -3.603597
4  12 2.751484  0.128260 1.778812 108.826202 -3.756979
4  13 2.751484  8.566162 4.004396 101.405137 -1.332699
4  14 2.751484  19.713495 3.629204 102.639988 2.187264
4  15 2.751484  25.830374 0.543843 111.923509 4.174560
4  16 2.751484  23.189452 -2.332164 122.729536 3.228874
4  17 2.751484  13.598733 -4.256065 128.911998 1.039273
4  18 2.751484  2.266839 -3.499092 126.810533 -2.482488
4  19 2.751484  -3.176488 -0.210889 116.338661 -4.718761
4  20 2.751484  1.396927 3.345483 104.315917 -3.528338
5  1 2.474612  21.384473 -2.790649 129.046649 2.973865
5  2 2.474612  12.491330 -4.063526 133.619072 0.562235
5  3 2.474612  3.418146 -2.907945 131.205184 -2.427091
5  4 2.474612  -1.296723 -0.736899 123.534489 -3.471952
5  5 2.474612  -0.015502 1.720512 114.963963 -3.137472
5  6 2.474612  6.524984 3.317200 109.334245 -1.204163
5  7 2.474612  14.986261 3.201639 109.719159 1.507908
5  8 2.474612  21.350794 1.721475 115.977116 3.317301
5  9 2.474612  21.975989 -1.252513 124.719243 3.411514
5  10 2.474612  16.297769 -3.118814 130.933950 1.364398
5  11 2.474612  7.979463 -3.295957 131.449566 -0.960375
5  12 2.474612  1.457915 -1.728101 126.009625 -3.246834
5  13 2.474612  0.638432 1.104990 117.227764 -3.519826
5  14 2.474612  6.138700 3.131410 110.007308 -2.054947
5  15 2.474612  14.937844 3.648222 108.484184 0.894535
5  16 2.474612  22.233207 1.969336 113.544601 2.999922
5  17 2.474612  24.346836 -0.328765 122.055827 3.560927
5  18 2.474612  20.107127 -2.953025 129.855904 2.453322
5  19 2.474612  11.737427 -3.481496 132.857955 -0.137125
5  20 2.474612  3.736036 -2.695865 129.598761 -2.370995
6  1 1.273037  23.940486 -1.646156 124.823415 3.482682
6  2 1.273037  21.020504 -2.886112 128.820020 2.720914
6  3 1.273037  16.844706 -3.593115 131.499804 1.437712
6  4 1.273037  11.924132 -4.045276 132.353442 -0.114280
6  5 1.273037  6.970651 -3.641194 131.355015 -1.432981
6  6 1.273037  2.800732 -2.829937 128.665425 -2.741672
6  7 1.273037  -0.026364 -1.556865 124.762377 -3.311986
6  8 1.273037  -1.139339 -0.169871 120.424592 -3.416954
6  9 1.273037  -0.483846 1.188011 116.099099 -3.296554
6  10 1.273037  1.812081 2.375589 112.211358 -2.738332
6  11 1.273037  5.495387 3.341973 109.426655 -1.582365
6  12 1.273037  10.031518 3.697747 108.497293 0.144562
6  13 1.273037  14.601554 3.394718 109.627022 1.609857
6  14 1.273037  18.449198 2.576779 112.489518 2.833367
6  15 1.273037  20.914524 1.248109 116.599927 3.545049
6  16 1.273037  21.633377 -0.132142 121.443223 3.973949
6  17 1.273037  20.465693 -1.680932 126.254510 3.490906
6  18 1.273037  17.394928 -3.087357 130.281086 2.759741
6  19 1.273037  12.773733 -4.086646 133.079129 1.584677
6  20 1.273037  7.259803 -4.471521 134.144696 0.070479
7  1 1.023513  24.488370 -0.990164 123.945636 3.648014
7  2 1.023513  22.981264 -1.930717 127.474831 3.194081
7  3 1.023513  20.487904 -2.903873 130.373803 2.425811
7  4 1.023513  17.160661 -3.546936 132.383163 1.469965
7  5 1.023513  13.391641 -3.759457 133.308046 0.323036
7  6 1.023513  9.506121 -3.774041 133.046874 -0.829372
7  7 1.023513  5.817268 -3.377695 131.664229 -1.850494
7  8 1.023513  2.702874 -2.660105 129.232214 -2.865028
7  9 1.023513  0.499708 -1.610657 125.956938 -3.484273
7  10 1.023513  -0.537994 -0.400469 122.110004 -3.975000
7  11 1.023513  -0.321832 0.819537 118.032702 -3.929725
7  12 1.023513  1.145571 2.025731 114.204445 -3.491979
7  13 1.023513  3.847248 3.213736 110.972798 -2.773590
7  14 1.023513  7.500414 3.868307 108.779292 -1.477375
7  15 1.023513  11.632821 4.143167 107.929697 -0.169165
7  16 1.023513  15.890001 4.110997 108.365351 1.013146
7  17 1.023513  19.872598 3.609952 109.972327 2.101420
7  18 1.023513  23.223145 2.886306 112.613474 3.018311
7  19 1.023513  25.681610 1.880187 116.142657 3.824221
7  20 1.023513  26.939549 0.557934 120.245129 4.128477
8  1 2.787796  20.589902 -2.977788 130.439563 3.070751
8  2 2.787796  9.852391 -4.270876 134.681553 -0.210421
8  3 2.787796  -0.842844 -2.964731 129.513492 -3.276512
8  4 2.787796  -3.998643 0.858655 118.262586 -4.314129
8  5 2.787796  2.773975 3.709537 109.036579 -1.893062
8  6 2.787796  13.863951 3.770173 108.950521 1.856930
8  7 2.787796  21.245366 1.217063 117.179655 3.676989
8  8 2.787796  20.809572 -1.486064 128.009903 3.651242
8  9 2.787796  12.955623 -3.823047 134.768899 0.884660
8  10 2.787796  2.794959 -3.024990 132.792908 -2.217028
8  11 2.787796  -2.145982 -0.306176 123.623598 -3.988354
8  12 2.787796  2.046732 3.160603 113.303352 -2.983774
8  13 2.787796  13.566345 4.634059 109.851914 0.672988
8  14 2.787796  23.550198 2.074692 116.669810 3.932241
8  15 2.787796  24.427270 -1.479730 128.336821 3.929679
8  16 2.787796  16.812616 -3.645419 136.084885 1.286352
8  17 2.787796  7.043418 -2.921683 135.329217 -1.793556
8  18 2.787796  1.717240 -0.676973 127.532303 -3.476387
8  19 2.787796  4.053132 2.261923 119.012813 -2.240201
8  20 2.787796  12.126427 3.188971 115.841404 0.094277
9  1 1.398276  23.835877 -1.640766 125.284423 3.444247
9  2 1.398276  20.516316 -3.039512 129.484114 2.474319
9  3 1.398276  15.651497 -3.816951 132.051088 1.145121
9  4 1.398276  10.171529 -3.905256 132.472508 -0.551848
9  5 1.398276  5.165728 -3.146530 130.500415 -2.229399
9  6 1.398276  1.567238 -1.924200 126.603166 -3.262164
9  7 1.398276  0.118393 -0.113009 121.536049 -3.880636
9  8 1.398276  0.981342 1.326948 116.276464 -3.530807
9  9 1.398276  3.619452 2.387065 111.991574 -2.505242
9  10 1.398276  7.691830 3.354388 109.343576 -1.225242
9  11 1.398276  12.348932 3.203571 108.516173 0.056379
9  12 1.398276  16.477874 2.611041 109.434091 1.235462
9  13 1.398276  19.657838 1.870308 111.958651 2.324342
9  14 1.398276  21.565526 0.819037 115.641505 2.865612
9  15 1.398276  21.961306 -0.258908 119.770376 2.953230
9  16 1.398276  20.726819 -1.481471 123.554616 2.376725
9  17 1.398276  18.044314 -2.298646 126.453186 1.710324
9  18 1.398276  14.291775 -2.992688 128.187948 0.736091
9  19 1.398276  9.888160 -3.216004 128.271621 -0.619239
9  20 1.398276  5.781935 -2.569183 126.558505 -1.793850
10  1 1.597446  23.403084 -1.963207 126.096081 3.484401
10  2 1.597446  19.141117 -3.268716 130.544685 1.974155
10  3 1.597446  13.150559 -4.092775 132.298006 0.177539
10  4 1.597446  6.616704 -3.934685 131.053633 -1.705088
10  5 1.597446  1.188197 -2.731730 127.040126 -3.221239
10  6 1.597446  -1.915308 -1.081955 121.045290 -4.140520
10  7 1.597446  -2.036894 0.932331 114.473606 -3.924367
10  8 1.597446  0.949289 2.736451 108.920856 -2.891002
10  9 1.597446  6.275588 3.804786 105.787117 -0.950268
10  10 1.597446  12.300150 3.588708 105.509304 0.603212
10  11 1.597446  17.511546 2.808722 107.854728 2.278540
10  12 1.597446  20.689758 1.087134 112.582234 3.530681
10  13 1.597446  21.034930 -0.663281 118.652925 3.929464
10  14 1.597446  18.504672 -2.444584 124.274118 2.968976
10  15 1.597446  13.649549 -3.516828 128.147175 1.792400
10  16 1.597446  7.592775 -3.920034 129.707903 0.127128
10  17 1.597446  1.802994 -3.182688 128.717090 -1.336917
10  18 1.597446  -2.798234 -2.472452 125.336069 -2.817943
10  19 1.597446  -5.631976 -1.009432 119.997819 -3.739024
10  20 1.597446  -5.999637 0.552668 114.084385 -3.517235
