nmc=10
nx=4
kmax=56
run number  , frame , sample interval , truth:
1  1 2.843626  24.687316 -0.219919 131.435895 4.043178
1  2 2.843626  24.018592 -0.250413 143.342946 4.331377
1  3 2.843626  23.467665 -0.137068 156.111106 4.648819
1  4 2.843626  22.523272 -0.527149 169.053303 4.453783
1  5 2.843626  21.142079 -0.444281 182.165801 4.768595
1  6 2.843626  20.042954 -0.328764 196.217535 5.114375
1  7 2.843626  19.191124 -0.270351 210.998995 5.281831
1  8 2.843626  18.768416 -0.026951 225.674496 5.039851
1  9 2.843626  18.999028 0.189147 239.313401 4.552764
1  10 2.843626  19.985483 0.504654 251.811094 4.237206
1  11 2.843626  21.751377 0.737347 263.875101 4.247741
1  12 2.843626  23.523445 0.508996 275.280909 3.774276
1  13 2.843626  25.194891 0.666578 285.845678 3.656216
1  14 2.843626  27.170853 0.723170 296.346722 3.729456
1  15 2.843626  29.364349 0.819575 308.123970 4.553806
1  16 2.843626  32.053842 1.072019 321.768183 5.042543
1  17 2.843626  35.636728 1.447923 335.847135 4.859570
1  18 2.843626  39.176062 1.041388 349.060676 4.433876
1  19 2.843626  41.968590 0.922674 359.182580 2.685136
1  20 2.843626  44.949274 1.173722 367.967334 3.493423
1  21 2.843626  48.403812 1.255949 382.610854 6.805766
1  22 2.843626  52.024138 1.290326 401.065618 6.173975
1  23 2.843626  56.151943 1.612872 417.896937 5.663953
1  24 2.843626  60.916583 1.738229 436.289006 7.271693
1  25 2.843626  64.954861 1.102003 461.404871 10.392982
1  26 2.843626  67.591757 0.752599 491.797184 10.982764
1  27 2.843626  69.548686 0.623763 528.686190 14.962285
1  28 2.843626  71.645392 0.850907 574.859252 17.512494
1  29 2.843626  73.399314 0.382674 624.831564 17.634402
1  30 2.843626  73.927864 -0.010931 675.163299 17.765285
1  31 2.843626  73.487080 -0.299084 725.540730 17.666542
1  32 2.843626  72.353007 -0.498541 775.342082 17.360113
1  33 2.843626  71.222012 -0.296919 824.405367 17.147439
1  34 2.843626  70.032699 -0.539558 873.306009 17.245722
1  35 2.843626  68.222204 -0.733813 922.234052 17.166710
1  36 2.843626  65.893923 -0.903731 970.854953 17.029701
1  37 2.843626  63.901165 -0.497831 1019.649687 17.288972
1  38 2.843626  61.879150 -0.924307 1068.643965 17.170045
1  39 2.843626  58.843141 -1.211001 1117.200437 16.981051
1  40 2.843626  55.085974 -1.431518 1165.597781 17.058126
1  41 2.843626  51.268190 -1.253633 1213.782221 16.831311
1  42 2.843626  48.212378 -0.895603 1261.991266 17.075431
1  43 2.843626  48.830751 1.330522 1301.648295 10.816443
1  44 2.843626  55.437589 3.316248 1327.426524 7.314093
1  45 2.843626  56.783567 -2.369585 1346.027751 5.768660
1  46 2.843626  48.323010 -3.580956 1353.348379 -0.619861
1  47 2.843626  37.416924 -4.089593 1347.370761 -3.584362
1  48 2.843626  26.158953 -3.828446 1327.126288 -10.654131
1  49 2.843626  19.366048 -0.949190 1305.970694 -4.225177
1  50 2.843626  17.674297 -0.240665 1296.973954 -2.102476
1  51 2.843626  9.976428 -5.173457 1289.910765 -2.865258
1  52 2.843626  -7.784636 -7.318385 1276.610827 -6.488953
1  53 2.843626  -32.859769 -10.317643 1267.326975 -0.040634
1  54 2.843626  -63.064865 -10.926428 1269.016898 1.229202
1  55 2.843626  -86.742943 -5.727012 1270.348332 -0.292768
1  56 2.843626  -99.698081 -3.384691 1260.285864 -6.784441
2  1 2.843626  24.631860 -0.258923 130.714961 3.536126
2  2 2.843626  23.426053 -0.589155 140.321661 3.220529
2  3 2.843626  22.282291 -0.215284 149.748637 3.409721
2  4 2.843626  21.302999 -0.473479 159.022647 3.112944
2  5 2.843626  20.473530 -0.109910 167.822760 3.076416
2  6 2.843626  21.077287 0.534549 176.419741 2.970076
2  7 2.843626  22.312999 0.334562 185.093346 3.130308
2  8 2.843626  23.530731 0.521902 193.368054 2.689521
2  9 2.843626  24.606877 0.234981 201.383178 2.947735
2  10 2.843626  25.682580 0.521590 209.829515 2.992804
2  11 2.843626  26.956901 0.374675 218.836343 3.341945
2  12 2.843626  29.214868 1.213415 228.887879 3.727576
2  13 2.843626  32.561195 1.140148 238.933060 3.337474
2  14 2.843626  36.041525 1.307663 249.168583 3.861449
2  15 2.843626  38.879616 0.688444 261.107314 4.535387
2  16 2.843626  41.018438 0.815847 276.354168 6.188143
2  17 2.843626  43.169615 0.697134 293.118836 5.602907
2  18 2.843626  45.832982 1.176085 309.534673 5.942801
2  19 2.843626  49.040175 1.079622 329.385697 8.018968
2  20 2.843626  51.085751 0.359087 342.570335 1.254149
2  21 2.843626  51.941825 0.243013 340.413202 -2.771320
2  22 2.843626  52.341874 0.038352 335.596315 -0.616529
2  23 2.843626  52.349183 -0.033211 328.593406 -4.308808
2  24 2.843626  52.350135 0.033881 310.662797 -8.302280
2  25 2.843626  52.230196 -0.118238 300.002359 0.804502
2  26 2.843626  52.252500 0.133925 301.144301 -0.001343
2  27 2.843626  53.175913 0.515536 305.219455 2.867511
2  28 2.843626  54.745347 0.588290 312.602055 2.324874
2  29 2.843626  56.096175 0.361784 318.889159 2.097019
2  30 2.843626  56.522165 -0.062173 325.204181 2.344509
2  31 2.843626  56.185814 -0.174393 331.812927 2.303602
2  32 2.843626  54.955804 -0.690707 338.811657 2.618796
2  33 2.843626  53.217810 -0.531673 346.451944 2.754827
2  34 2.843626  51.167011 -0.910710 353.992927 2.548954
2  35 2.843626  47.851610 -1.421103 360.680148 2.154352
2  36 2.843626  43.958701 -1.316886 366.627299 2.028443
2  37 2.843626  41.005573 -0.760130 372.365978 2.007728
2  38 2.843626  38.520212 -0.987893 378.200308 2.095716
2  39 2.843626  35.269997 -1.298073 384.082222 2.041195
2  40 2.843626  31.316100 -1.482811 390.138460 2.218323
2  41 2.843626  27.448591 -1.237313 396.186806 2.035645
2  42 2.843626  24.057323 -1.147859 402.322953 2.280075
2  43 2.843626  20.376980 -1.440627 403.121357 -1.718536
2  44 2.843626  21.931603 2.534036 394.809418 -4.127478
2  45 2.843626  32.825668 5.128059 375.582540 -9.395312
2  46 2.843626  48.679689 6.022509 359.565662 -1.869797
2  47 2.843626  68.728636 8.078465 347.392334 -6.692038
2  48 2.843626  90.009297 6.888807 327.402111 -7.367634
2  49 2.843626  119.191138 13.635581 317.869496 0.663085
2  50 2.843626  160.041454 15.095565 316.512808 -1.617281
2  51 2.843626  205.735164 17.042072 310.806034 -2.396450
2  52 2.843626  243.674540 9.641730 294.681713 -8.944227
2  53 2.843626  272.093134 10.345845 270.559533 -8.021562
2  54 2.843626  303.953648 12.062528 256.067504 -2.171079
2  55 2.843626  335.250276 9.949248 253.997432 0.715140
2  56 2.843626  379.390790 21.095985 255.114405 0.070458
3  1 2.843626  24.779239 -0.155267 130.611006 3.463011
3  2 2.843626  24.065765 -0.346539 140.093679 3.206412
3  3 2.843626  23.707172 0.094330 149.384982 3.328415
3  4 2.843626  23.663482 -0.125058 158.468327 3.060151
3  5 2.843626  23.281465 -0.143625 167.442008 3.251284
3  6 2.843626  22.881152 -0.137926 176.461659 3.092483
3  7 2.843626  21.917087 -0.540127 185.133094 3.006375
3  8 2.843626  20.223418 -0.651077 193.340746 2.766291
3  9 2.843626  17.746153 -1.091251 201.168320 2.739056
3  10 2.843626  14.853190 -0.943449 209.123151 2.855794
3  11 2.843626  12.693993 -0.575174 217.168738 2.802888
3  12 2.843626  10.751433 -0.791081 224.898469 2.633644
3  13 2.843626  7.760515 -1.312513 233.126388 3.153277
3  14 2.843626  3.876557 -1.419180 242.177099 3.212336
3  15 2.843626  -0.022093 -1.322847 255.490174 6.151114
3  16 2.843626  -4.043897 -1.505798 273.672148 6.636767
3  17 2.843626  -8.026094 -1.294990 295.827549 8.945733
3  18 2.843626  -12.032062 -1.522517 323.260125 10.348349
3  19 2.843626  -16.474009 -1.601626 353.564827 10.965778
3  20 2.843626  -20.935591 -1.536327 386.183956 11.976150
3  21 2.843626  -24.760209 -1.153631 424.181359 14.748464
3  22 2.843626  -28.172392 -1.246251 457.984828 9.026441
3  23 2.843626  -31.454908 -1.062433 479.086320 5.814816
3  24 2.843626  -34.182528 -0.855976 498.825746 8.068463
3  25 2.843626  -37.064849 -1.171239 530.438780 14.165849
3  26 2.843626  -40.237260 -1.060004 579.102565 20.060724
3  27 2.843626  -43.454640 -1.202867 636.995168 20.656729
3  28 2.843626  -46.627239 -1.028509 702.853074 25.662940
3  29 2.843626  -49.825033 -1.220587 776.955611 26.455403
3  30 2.843626  -53.665506 -1.480523 851.395923 25.900506
3  31 2.843626  -57.540389 -1.244788 924.370115 25.424242
3  32 2.843626  -61.061917 -1.231999 997.644208 26.111435
3  33 2.843626  -64.182096 -0.962509 1071.682815 25.961945
3  34 2.843626  -66.444109 -0.628427 1145.705023 26.099901
3  35 2.843626  -67.823265 -0.341571 1220.751974 26.682675
3  36 2.843626  -69.445677 -0.799516 1297.128362 27.034930
3  37 2.843626  -71.504521 -0.648525 1374.868589 27.641901
3  38 2.843626  -72.827940 -0.282272 1453.466363 27.638066
3  39 2.843626  -73.325120 -0.067408 1531.690011 27.378768
3  40 2.843626  -73.468755 -0.033613 1609.700521 27.488160
3  41 2.843626  -73.374593 0.099840 1688.392042 27.857742
3  42 2.843626  -72.764304 0.329393 1767.193632 27.565574
3  43 2.843626  -70.577120 1.208914 1855.375503 34.455151
3  44 2.843626  -73.351776 -3.160405 1944.442937 28.188414
3  45 2.843626  -84.644924 -4.782376 2025.080976 28.526527
3  46 2.843626  -93.223616 -1.251253 2101.541733 25.250417
3  47 2.843626  -101.371365 -4.479282 2173.296853 25.216924
3  48 2.843626  -99.352608 5.899128 2237.535479 19.963861
3  49 2.843626  -87.345689 2.545667 2290.950802 17.604598
3  50 2.843626  -80.546960 2.236066 2332.099984 11.336749
3  51 2.843626  -73.647412 2.616575 2365.978878 12.491205
3  52 2.843626  -64.803474 3.603609 2393.491286 6.859026
3  53 2.843626  -62.777899 -2.178967 2404.223348 0.689127
3  54 2.843626  -73.795554 -5.570051 2402.954460 -1.581570
3  55 2.843626  -85.443314 -2.622137 2398.797733 -1.341970
3  56 2.843626  -97.343864 -5.747845 2403.845867 4.892461
4  1 2.843626  25.127149 0.089427 131.948451 4.403673
4  2 2.843626  25.542668 0.202818 144.441428 4.382980
4  3 2.843626  26.815675 0.692523 156.738285 4.265737
4  4 2.843626  28.873956 0.755122 169.399226 4.639050
4  5 2.843626  30.840513 0.628012 182.297421 4.432605
4  6 2.843626  31.775776 0.029785 194.633352 4.243593
4  7 2.843626  32.952868 0.798096 206.039521 3.778678
4  8 2.843626  35.825829 1.222537 216.600607 3.649224
4  9 2.843626  39.318813 1.234174 227.280248 3.862060
4  10 2.843626  43.264097 1.540652 238.571859 4.079640
4  11 2.843626  47.869575 1.698506 249.381341 3.522965
4  12 2.843626  52.432904 1.511007 259.352928 3.490326
4  13 2.843626  55.486897 0.636949 269.905211 3.931384
4  14 2.843626  56.751013 0.252138 281.450081 4.188439
4  15 2.843626  58.450642 0.943257 301.529443 9.933926
4  16 2.843626  61.351539 1.097023 332.542980 11.878743
4  17 2.843626  65.084428 1.528421 370.394134 14.743010
4  18 2.843626  69.232091 1.388744 415.824998 17.209761
4  19 2.843626  73.484109 1.601817 457.518006 12.114074
4  20 2.843626  77.880377 1.490199 494.430361 13.847397
4  21 2.843626  82.495748 1.755918 538.774465 17.341026
4  22 2.843626  87.248832 1.587056 587.025307 16.595113
4  23 2.843626  91.605456 1.477076 635.327852 17.377389
4  24 2.843626  95.763540 1.447418 685.259554 17.740944
4  25 2.843626  99.837422 1.417855 732.891028 15.759576
4  26 2.843626  104.422858 1.807208 779.390846 16.945019
4  27 2.843626  109.752971 1.941607 834.783924 22.014450
4  28 2.843626  115.402327 2.031741 900.633307 24.299226
4  29 2.843626  120.800564 1.764987 969.360595 24.038558
4  30 2.843626  125.881893 1.808850 1037.635485 23.981042
4  31 2.843626  131.352890 2.039052 1106.608429 24.529518
4  32 2.843626  138.134449 2.730604 1176.021374 24.290507
4  33 2.843626  146.395688 3.079752 1245.068789 24.272431
4  34 2.843626  155.177453 3.096703 1313.783157 24.056265
4  35 2.843626  164.574623 3.512584 1382.285680 24.123435
4  36 2.843626  174.400519 3.398238 1451.253299 24.383380
4  37 2.843626  184.194170 3.489905 1520.397859 24.247882
4  38 2.843626  194.691069 3.892851 1589.635981 24.449186
4  39 2.843626  205.416364 3.650543 1659.425193 24.635478
4  40 2.843626  215.281179 3.287651 1730.175608 25.125227
4  41 2.843626  224.124303 2.931960 1802.122775 25.477187
4  42 2.843626  232.716888 3.111440 1874.604027 25.500863
4  43 2.843626  231.554799 -3.928769 1947.036420 25.442823
4  44 2.843626  221.869061 -2.883476 2017.257390 23.945509
4  45 2.843626  214.025065 -2.633421 2081.141873 20.986198
4  46 2.843626  207.319451 -2.082820 2140.729525 20.923430
4  47 2.843626  203.466142 -0.627317 2202.959855 22.844865
4  48 2.843626  205.573406 2.109413 2269.256632 23.783474
4  49 2.843626  212.599398 2.832159 2333.428310 21.350225
4  50 2.843626  228.978788 8.687915 2404.446865 28.599069
4  51 2.843626  253.553553 8.596190 2486.404288 29.043831
4  52 2.843626  272.253948 4.556310 2570.611981 30.181746
4  53 2.843626  283.958964 3.676148 2661.576101 33.795811
4  54 2.843626  298.517446 6.563231 2759.402016 35.007834
4  55 2.843626  317.011282 6.443991 2856.766369 33.471182
4  56 2.843626  327.811855 1.152348 2950.221858 32.258623
5  1 2.843626  25.243775 0.171454 131.755687 4.268097
5  2 2.843626  25.764383 0.194703 143.178130 3.765620
5  3 2.843626  26.864438 0.578996 154.749903 4.373124
5  4 2.843626  28.622689 0.657630 167.344937 4.485309
5  5 2.843626  29.749679 0.135013 179.492085 4.058113
5  6 2.843626  29.473933 -0.328952 190.903295 3.967703
5  7 2.843626  28.521531 -0.340899 202.316972 4.059848
5  8 2.843626  27.592342 -0.312625 213.814620 4.026763
5  9 2.843626  26.834929 -0.220084 225.226732 3.999688
5  10 2.843626  25.509127 -0.712389 236.793921 4.135833
5  11 2.843626  23.504770 -0.697330 248.358155 3.997609
5  12 2.843626  21.583881 -0.653684 259.779950 4.035652
5  13 2.843626  20.209872 -0.312694 270.213791 3.302754
5  14 2.843626  18.972562 -0.557540 279.107960 2.952758
5  15 2.843626  16.892520 -0.905411 288.730389 3.814960
5  16 2.843626  13.746500 -1.307270 297.185926 2.132051
5  17 2.843626  9.994065 -1.331920 303.197657 2.096164
5  18 2.843626  6.466657 -1.149002 320.964001 10.399393
5  19 2.843626  3.518218 -0.924716 348.202777 8.758385
5  20 2.843626  1.212153 -0.697203 376.681590 11.271544
5  21 2.843626  -0.981081 -0.845358 408.105511 10.829760
5  22 2.843626  -3.209303 -0.721811 438.797306 10.756620
5  23 2.843626  -5.732932 -1.053126 472.444142 12.908121
5  24 2.843626  -8.039658 -0.569258 507.152020 11.502880
5  25 2.843626  -9.757979 -0.639284 539.272662 11.088447
5  26 2.843626  -11.325889 -0.463469 578.347945 16.394269
5  27 2.843626  -12.797729 -0.571717 619.712745 12.698727
5  28 2.843626  -14.172132 -0.394939 650.423725 8.901146
5  29 2.843626  -16.408327 -1.177839 675.837149 8.972811
5  30 2.843626  -19.878107 -1.262553 701.819173 9.301059
5  31 2.843626  -23.733470 -1.449030 727.806035 8.976212
5  32 2.843626  -28.009358 -1.558319 753.525911 9.113281
5  33 2.843626  -31.994943 -1.244852 779.786943 9.356822
5  34 2.843626  -35.771046 -1.410985 805.998229 9.078293
5  35 2.843626  -39.997603 -1.561669 832.032276 9.232165
5  36 2.843626  -44.644617 -1.706704 857.750557 8.856206
5  37 2.843626  -49.463002 -1.682199 883.213876 9.052843
5  38 2.843626  -54.282741 -1.707656 908.853684 8.980336
5  39 2.843626  -59.192609 -1.745589 934.608558 9.133772
5  40 2.843626  -63.805345 -1.498674 960.256197 8.904915
5  41 2.843626  -68.192211 -1.586728 984.963128 8.472146
5  42 2.843626  -72.316245 -1.313817 1009.852442 9.033190
5  43 2.843626  -72.759210 1.002268 1029.013034 4.442979
5  44 2.843626  -70.870401 0.326183 1037.717072 1.678809
5  45 2.843626  -65.830032 3.218846 1040.872475 0.540472
5  46 2.843626  -50.435937 7.608243 1036.438291 -3.659155
5  47 2.843626  -28.363333 7.916024 1015.359371 -11.166226
5  48 2.843626  -9.140938 5.603613 982.092753 -12.231098
5  49 2.843626  3.903901 3.571179 940.691819 -16.887313
5  50 2.843626  19.015679 7.057348 906.573877 -7.108770
5  51 2.843626  44.632268 10.959500 886.329118 -7.129922
5  52 2.843626  80.857317 14.518569 872.577521 -2.541952
5  53 2.843626  118.176668 11.729153 865.412262 -2.497570
5  54 2.843626  150.584201 11.063952 854.122210 -5.443032
5  55 2.843626  184.608817 12.866493 843.728649 -1.867044
5  56 2.843626  230.043589 19.089027 839.390553 -1.184058
6  1 2.843626  25.070404 0.049517 131.178783 3.862344
6  2 2.843626  24.479262 -0.465283 142.140685 3.847461
6  3 2.843626  22.851262 -0.679733 153.464420 4.116832
6  4 2.843626  21.284264 -0.422380 165.760722 4.531494
6  5 2.843626  20.144125 -0.379511 178.532178 4.451021
6  6 2.843626  18.924900 -0.478004 191.082462 4.375937
6  7 2.843626  17.855398 -0.274207 203.523025 4.373851
6  8 2.843626  17.309143 -0.109989 216.265115 4.588009
6  9 2.843626  17.144256 -0.005981 229.089763 4.431917
6  10 2.843626  17.338301 0.142458 242.339834 4.887220
6  11 2.843626  17.414554 -0.088827 256.019347 4.733956
6  12 2.843626  16.453430 -0.587158 269.106326 4.470474
6  13 2.843626  14.951015 -0.469532 282.060154 4.640308
6  14 2.843626  12.680941 -1.127074 295.813693 5.032932
6  15 2.843626  9.221934 -1.305740 314.262473 7.942601
6  16 2.843626  6.074803 -0.907723 337.982596 8.740412
6  17 2.843626  3.266883 -1.067165 369.746215 13.599811
6  18 2.843626  -0.073368 -1.282125 409.055861 14.047739
6  19 2.843626  -3.962959 -1.453531 444.985932 11.222864
6  20 2.843626  -7.180284 -0.809301 486.203036 17.766255
6  21 2.843626  -9.529825 -0.843195 536.715981 17.760883
6  22 2.843626  -11.529168 -0.562998 589.115873 19.093396
6  23 2.843626  -12.060042 0.189620 643.193017 18.940540
6  24 2.843626  -11.845291 -0.038580 695.205966 17.641591
6  25 2.843626  -12.598525 -0.491191 744.070270 16.726012
6  26 2.843626  -13.845172 -0.385611 797.443846 20.813086
6  27 2.843626  -14.487111 -0.065882 860.588342 23.598167
6  28 2.843626  -14.620057 -0.027622 937.429003 30.445974
6  29 2.843626  -14.552348 0.075244 1023.173624 29.860566
6  30 2.843626  -13.818568 0.440844 1108.311122 30.018969
6  31 2.843626  -11.782870 0.990918 1194.201697 30.390225
6  32 2.843626  -8.931477 1.014545 1280.795352 30.513463
6  33 2.843626  -6.262809 0.862403 1368.457352 31.141622
6  34 2.843626  -3.327391 1.202157 1457.312936 31.352944
6  35 2.843626  -0.314440 0.916934 1546.049286 31.057761
6  36 2.843626  3.130607 1.506062 1634.125614 30.888733
6  37 2.843626  8.279784 2.115495 1721.659984 30.676586
6  38 2.843626  14.494594 2.255551 1808.762016 30.584658
6  39 2.843626  21.370949 2.580778 1896.129173 30.863055
6  40 2.843626  28.949916 2.749717 1984.075917 30.992298
6  41 2.843626  36.183584 2.337919 2071.607534 30.571085
6  42 2.843626  42.703497 2.247714 2158.796609 30.751379
6  43 2.843626  51.665418 4.055451 2243.255529 28.650892
6  44 2.843626  60.344243 2.048605 2334.033565 35.195786
6  45 2.843626  65.296493 1.434449 2443.740486 41.964096
6  46 2.843626  69.928682 1.823496 2564.509434 42.976013
6  47 2.843626  86.501520 9.832634 2686.035218 42.496400
6  48 2.843626  114.036373 9.533382 2804.806298 41.038554
6  49 2.843626  138.751796 7.849652 2929.594614 46.728486
6  50 2.843626  160.797728 7.655856 3045.449739 34.755596
6  51 2.843626  180.247472 6.023682 3129.305723 24.222614
6  52 2.843626  201.718986 9.077823 3194.914914 21.922127
6  53 2.843626  227.551049 9.090574 3249.213648 16.267659
6  54 2.843626  243.014015 1.784953 3279.524942 5.051104
6  55 2.843626  249.989823 3.121324 3291.335124 3.255320
6  56 2.843626  259.148987 3.320567 3305.886483 6.979050
7  1 2.843626  24.748421 -0.176942 131.952620 4.406605
7  2 2.843626  24.238927 -0.181399 144.259248 4.248983
7  3 2.843626  23.916462 -0.045400 157.059284 4.753633
7  4 2.843626  23.787988 -0.044960 170.834505 4.934857
7  5 2.843626  24.053838 0.231940 184.838898 4.914816
7  6 2.843626  24.447907 0.045220 198.793688 4.899970
7  7 2.843626  24.123430 -0.273434 213.317915 5.315317
7  8 2.843626  23.576354 -0.111339 228.061644 5.054352
7  9 2.843626  22.948523 -0.330232 242.095710 4.816191
7  10 2.843626  22.164941 -0.220883 255.544562 4.642755
7  11 2.843626  21.253681 -0.420031 268.605284 4.543208
7  12 2.843626  20.171290 -0.341245 281.251755 4.351401
7  13 2.843626  19.387747 -0.209842 294.146452 4.717793
7  14 2.843626  18.627056 -0.325172 307.318138 4.546215
7  15 2.843626  17.541894 -0.438052 320.609070 4.801662
7  16 2.843626  16.612308 -0.215751 335.896661 5.950519
7  17 2.843626  15.879815 -0.299431 345.872084 1.065469
7  18 2.843626  15.907005 0.318555 351.216221 2.693209
7  19 2.843626  16.578396 0.153654 351.290985 -2.640625
7  20 2.843626  16.770679 -0.018416 343.884188 -2.568778
7  21 2.843626  16.652811 -0.064484 338.341150 -1.329792
7  22 2.843626  15.771095 -0.555652 337.454749 0.706362
7  23 2.843626  13.861620 -0.787334 343.465932 3.521467
7  24 2.843626  11.982655 -0.534193 351.635465 2.224389
7  25 2.843626  10.016036 -0.848983 365.066480 7.222012
7  26 2.843626  7.834329 -0.685471 386.291098 7.705843
7  27 2.843626  5.839798 -0.717337 410.479162 9.306284
7  28 2.843626  3.362096 -1.025299 437.579603 9.754198
7  29 2.843626  0.593104 -0.922209 465.562123 9.926674
7  30 2.843626  -2.297137 -1.110576 493.982080 10.061860
7  31 2.843626  -5.175539 -0.913883 522.317050 9.866901
7  32 2.843626  -8.207624 -1.218666 550.285434 9.804030
7  33 2.843626  -11.716930 -1.249525 578.042823 9.718502
7  34 2.843626  -15.433584 -1.364499 606.025012 9.962138
7  35 2.843626  -18.796352 -1.000628 634.053917 9.751358
7  36 2.843626  -21.470431 -0.880125 662.144947 10.005833
7  37 2.843626  -23.560993 -0.590225 691.304702 10.503021
7  38 2.843626  -25.374277 -0.685108 720.824564 10.259106
7  39 2.843626  -26.881025 -0.374629 749.909968 10.197455
7  40 2.843626  -27.048147 0.257087 778.385186 9.829946
7  41 2.843626  -26.546693 0.095599 806.813870 10.164726
7  42 2.843626  -26.617849 -0.145646 836.470372 10.693504
7  43 2.843626  -30.984529 -2.925560 857.864373 4.353483
7  44 2.843626  -32.025991 2.193071 866.860459 1.973710
7  45 2.843626  -21.582811 5.151904 868.808667 -0.603482
7  46 2.843626  -3.008528 7.911898 871.268898 2.333830
7  47 2.843626  15.622824 5.192042 897.418933 16.058206
7  48 2.843626  32.147007 6.429868 940.301144 14.102027
7  49 2.843626  48.528921 5.091980 992.388543 22.532467
7  50 2.843626  62.684047 4.863708 1058.878427 24.231689
7  51 2.843626  75.730893 4.312496 1131.423488 26.791239
7  52 2.843626  89.802703 5.584594 1218.956285 34.772975
7  53 2.843626  114.788071 11.988299 1312.273142 30.859326
7  54 2.843626  143.354400 8.103182 1399.798774 30.699848
7  55 2.843626  157.579875 1.901984 1485.751710 29.753206
7  56 2.843626  159.892979 -0.275115 1569.973234 29.482098
8  1 2.843626  25.076175 0.053576 131.489627 4.080969
8  2 2.843626  24.406938 -0.524269 143.587736 4.427962
8  3 2.843626  22.826133 -0.587555 156.252216 4.479313
8  4 2.843626  21.206036 -0.551904 169.316140 4.708903
8  5 2.843626  19.734943 -0.482756 182.766930 4.751405
8  6 2.843626  18.356221 -0.486937 196.069231 4.604467
8  7 2.843626  17.656244 -0.005376 209.347505 4.734507
8  8 2.843626  17.716984 0.048097 222.627414 4.605616
8  9 2.843626  17.277422 -0.357253 235.832417 4.681824
8  10 2.843626  16.813412 0.030902 249.496290 4.928352
8  11 2.843626  16.438975 -0.294253 264.338568 5.510628
8  12 2.843626  15.820392 -0.140813 279.729033 5.313907
8  13 2.843626  15.114291 -0.355807 294.936358 5.381821
8  14 2.843626  13.480713 -0.793132 309.989466 5.205442
8  15 2.843626  11.156202 -0.841760 321.515708 2.901280
8  16 2.843626  8.500939 -1.025759 336.122779 7.372273
8  17 2.843626  5.542649 -1.054888 354.387645 5.473908
8  18 2.843626  2.360743 -1.183034 370.522857 5.874429
8  19 2.843626  -1.145380 -1.282917 390.755324 8.355620
8  20 2.843626  -4.777489 -1.271645 409.961013 5.152268
8  21 2.843626  -8.327247 -1.224998 422.698423 3.806302
8  22 2.843626  -12.041609 -1.387415 427.794615 -0.222010
8  23 2.843626  -15.134701 -0.788041 423.029130 -3.129686
8  24 2.843626  -17.553214 -0.912965 421.548646 2.088421
8  25 2.843626  -20.653486 -1.267542 427.872045 2.358999
8  26 2.843626  -23.984972 -1.075584 434.809226 2.520111
8  27 2.843626  -26.835291 -0.929124 439.339411 0.666092
8  28 2.843626  -28.906933 -0.527918 441.583370 0.912146
8  29 2.843626  -29.887857 -0.161992 444.277302 0.982571
8  30 2.843626  -30.232431 -0.080356 446.962510 0.906009
8  31 2.843626  -30.463495 -0.082158 449.564888 0.924314
8  32 2.843626  -30.708428 -0.090111 451.569852 0.485832
8  33 2.843626  -30.828573 0.005609 453.322949 0.747170
8  34 2.843626  -29.997488 0.578916 456.540955 1.516142
8  35 2.843626  -28.112832 0.746614 460.930283 1.570993
8  36 2.843626  -26.039163 0.711854 465.581143 1.700085
8  37 2.843626  -24.472425 0.390075 469.822111 1.282704
8  38 2.843626  -23.470576 0.314553 473.096283 1.020111
8  39 2.843626  -22.339235 0.481150 475.435566 0.625171
8  40 2.843626  -20.723581 0.655183 477.677765 0.951829
8  41 2.843626  -18.909813 0.620489 480.433880 0.986622
8  42 2.843626  -17.039544 0.694922 483.471322 1.149694
8  43 2.843626  -2.736852 9.364554 481.266225 -2.700600
8  44 2.843626  8.592105 -1.396588 473.556840 -2.721622
8  45 2.843626  8.007095 0.985135 469.119420 -0.399337
8  46 2.843626  20.386511 7.721646 470.926129 1.670045
8  47 2.843626  45.956019 10.262089 475.460713 1.519253
8  48 2.843626  76.843556 11.461962 485.369813 5.450089
8  49 2.843626  105.254804 8.520447 505.555051 8.746742
8  50 2.843626  121.745910 3.078200 538.035112 14.097374
8  51 2.843626  129.773593 2.567889 579.860093 15.319280
8  52 2.843626  131.174099 -1.582874 633.735189 22.572551
8  53 2.843626  123.793722 -3.607947 691.862222 18.309783
8  54 2.843626  116.121929 -1.787835 746.477535 20.102663
8  55 2.843626  119.396162 4.090693 797.921812 16.079506
8  56 2.843626  137.278499 8.486445 849.898050 20.476806
9  1 2.843626  24.867685 -0.093061 131.359195 3.989233
9  2 2.843626  24.701485 -0.023832 142.867663 4.104987
9  3 2.843626  24.417329 -0.176023 155.403726 4.711970
9  4 2.843626  23.719031 -0.315110 169.455649 5.171132
9  5 2.843626  23.051934 -0.154078 184.610544 5.487721
9  6 2.843626  22.903753 0.049859 200.334074 5.571069
9  7 2.843626  22.802881 -0.120805 216.372518 5.709208
9  8 2.843626  22.192522 -0.308477 232.593184 5.699231
9  9 2.843626  21.554811 -0.140043 249.421292 6.136437
9  10 2.843626  20.866688 -0.343933 266.990414 6.220408
9  11 2.843626  19.884806 -0.346652 284.638359 6.191875
9  12 2.843626  18.922409 -0.330228 301.965384 5.994696
9  13 2.843626  18.238906 -0.150499 317.683749 5.060461
9  14 2.843626  17.457914 -0.398794 331.437226 4.612736
9  15 2.843626  16.486707 -0.284282 350.373112 8.705392
9  16 2.843626  15.180489 -0.634417 377.935977 10.680326
9  17 2.843626  13.024214 -0.882151 406.738783 9.577477
9  18 2.843626  9.971068 -1.265210 429.585742 6.491415
9  19 2.843626  6.601462 -1.104726 445.605100 4.775439
9  20 2.843626  3.301914 -1.215936 460.961672 6.025259
9  21 2.843626  -0.420322 -1.402015 474.847795 3.741232
9  22 2.843626  -3.920751 -1.059933 486.026692 4.121192
9  23 2.843626  -7.261859 -1.289960 502.520167 7.479120
9  24 2.843626  -10.991109 -1.332925 520.260855 4.998392
9  25 2.843626  -15.042742 -1.516700 525.542393 -1.283741
9  26 2.843626  -19.437913 -1.574545 518.447335 -3.706407
9  27 2.843626  -24.043989 -1.665034 510.242936 -2.063971
9  28 2.843626  -28.393742 -1.394266 501.872896 -3.822907
9  29 2.843626  -32.914320 -1.785180 491.012338 -3.815622
9  30 2.843626  -37.582081 -1.497784 480.821199 -3.352085
9  31 2.843626  -41.292421 -1.111799 471.085129 -3.495559
9  32 2.843626  -44.494488 -1.140302 460.981896 -3.610322
9  33 2.843626  -47.295018 -0.829387 450.906208 -3.476186
9  34 2.843626  -49.567125 -0.768648 440.832439 -3.608971
9  35 2.843626  -51.371802 -0.500631 430.738722 -3.490216
9  36 2.843626  -53.142801 -0.744962 419.896658 -4.135305
9  37 2.843626  -55.122192 -0.647198 408.633682 -3.786255
9  38 2.843626  -57.691182 -1.159643 398.386969 -3.420539
9  39 2.843626  -60.611260 -0.894127 389.192498 -3.046184
9  40 2.843626  -63.133246 -0.879655 380.598501 -2.998209
9  41 2.843626  -65.697493 -0.923850 371.898102 -3.121020
9  42 2.843626  -68.316343 -0.918058 363.381772 -2.868748
9  43 2.843626  -76.804161 -5.051656 355.891513 -2.399356
9  44 2.843626  -96.684399 -8.930660 351.728444 -0.528644
9  45 2.843626  -121.545961 -8.555158 349.949433 -0.722583
9  46 2.843626  -141.914264 -5.770428 348.770286 -0.106744
9  47 2.843626  -165.415359 -10.758536 349.995359 0.968371
9  48 2.843626  -195.406269 -10.334892 344.736424 -4.667124
9  49 2.843626  -224.292725 -9.981744 336.659124 -1.013862
9  50 2.843626  -249.934033 -8.052490 342.090262 4.833730
9  51 2.843626  -272.760672 -8.002110 350.504151 1.083989
9  52 2.843626  -300.466154 -11.483915 353.995986 1.371914
9  53 2.843626  -331.903834 -10.627066 368.938361 9.137467
9  54 2.843626  -354.466828 -5.242105 398.059646 11.344330
9  55 2.843626  -369.105356 -5.053573 432.825054 13.107133
9  56 2.843626  -396.743276 -14.384933 459.630423 5.745817
10  1 2.843626  24.693657 -0.215459 131.220857 3.891936
10  2 2.843626  23.933952 -0.318862 142.629913 4.132366
10  3 2.843626  23.082189 -0.280206 154.262191 4.048934
10  4 2.843626  21.369217 -0.924575 166.039141 4.234117
10  5 2.843626  18.984591 -0.752598 178.231527 4.341122
10  6 2.843626  16.589243 -0.932116 190.317718 4.159428
10  7 2.843626  14.209756 -0.741443 202.615037 4.489613
10  8 2.843626  11.639791 -1.066085 215.299143 4.431466
10  9 2.843626  8.645809 -1.039664 227.557812 4.190391
10  10 2.843626  5.989756 -0.828410 239.478550 4.193790
10  11 2.843626  3.876326 -0.658023 251.921320 4.557551
10  12 2.843626  1.557425 -0.972924 265.305233 4.855721
10  13 2.843626  -1.064310 -0.871015 278.588411 4.486702
10  14 2.843626  -3.620735 -0.926989 291.611264 4.672627
10  15 2.843626  -6.695609 -1.235654 297.211065 -0.734134
10  16 2.843626  -10.690407 -1.573996 297.908121 1.224393
10  17 2.843626  -14.998230 -1.455814 300.181146 0.374287
10  18 2.843626  -19.728717 -1.871266 298.763867 -1.371099
10  19 2.843626  -25.060376 -1.878636 298.049058 0.868354
10  20 2.843626  -29.941656 -1.554502 296.202126 -2.167352
10  21 2.843626  -34.430124 -1.602361 292.892036 -0.160725
10  22 2.843626  -39.713814 -2.113803 286.036797 -4.660752
10  23 2.843626  -44.878581 -1.518719 276.141181 -2.299106
10  24 2.843626  -49.152262 -1.487078 267.094927 -4.063372
10  25 2.843626  -53.153911 -1.327391 256.696453 -3.250160
10  26 2.843626  -57.789415 -1.932886 251.524939 -0.387107
10  27 2.843626  -62.815790 -1.602301 252.504657 1.076170
10  28 2.843626  -67.017497 -1.352875 253.724891 -0.217945
10  29 2.843626  -69.726471 -0.552420 252.790035 -0.439564
10  30 2.843626  -71.574933 -0.747654 251.332225 -0.585753
10  31 2.843626  -73.875800 -0.870609 249.797022 -0.493997
10  32 2.843626  -77.013717 -1.336374 248.915606 -0.125928
10  33 2.843626  -80.973067 -1.448345 248.626085 -0.077700
10  34 2.843626  -84.913322 -1.322944 248.393033 -0.086212
10  35 2.843626  -88.962784 -1.525153 247.682631 -0.413433
10  36 2.843626  -93.493368 -1.661331 246.255236 -0.590493
10  37 2.843626  -98.367575 -1.766833 243.983771 -1.007091
10  38 2.843626  -103.923597 -2.140870 241.490955 -0.746175
10  39 2.843626  -110.029367 -2.153485 240.231830 -0.139402
10  40 2.843626  -115.913802 -1.985200 240.133467 0.070221
10  41 2.843626  -121.101527 -1.663469 239.936116 -0.209024
10  42 2.843626  -125.681343 -1.557641 238.592441 -0.736019
10  43 2.843626  -130.462591 -1.805142 235.494786 -1.442646
10  44 2.843626  -126.106934 4.868595 226.534445 -4.859407
10  45 2.843626  -107.514215 8.208173 212.180041 -5.236438
10  46 2.843626  -91.967349 2.726364 196.071275 -6.093298
10  47 2.843626  -86.868334 0.859913 182.936040 -3.145072
10  48 2.843626  -86.338700 -0.487407 170.625975 -5.512934
10  49 2.843626  -98.605805 -8.140384 161.285907 -1.056193
10  50 2.843626  -118.170670 -5.620121 156.254529 -2.482513
10  51 2.843626  -137.483641 -7.963221 147.085244 -3.966497
10  52 2.843626  -161.431765 -8.880150 138.587513 -2.010190
10  53 2.843626  -187.562933 -9.498616 135.817525 0.061981
10  54 2.843626  -210.778350 -6.829422 133.619355 -1.608015
10  55 2.843626  -231.747593 -7.918820 125.713521 -3.952375
10  56 2.843626  -251.090160 -5.685337 122.951197 2.009557
