nmc=10
nx=6
kmax=113
run number  , frame , sample interval , truth:
1  1 1.759637  269.623105 149.335508 46.174819 205.686059 89.821966 5.910803
1  2 1.759637  603.686271 230.360094 46.046201 372.951880 100.292070 5.950150
1  3 1.759637  1080.651290 311.757501 46.258074 558.436109 110.528975 5.817624
1  4 1.759637  1700.984675 393.312324 46.347534 761.992222 120.832542 5.855508
1  5 1.759637  2464.745546 474.776928 46.296262 983.517096 130.952237 5.751014
1  6 1.759637  3371.872468 556.261924 46.307851 1222.788812 141.003571 5.712164
1  7 1.759637  4422.444498 637.816383 46.347327 1479.788981 151.102366 5.739136
1  8 1.759637  5616.441317 719.278285 46.294727 1754.634695 161.286785 5.787797
1  9 1.759637  6953.842080 800.809051 46.333862 2047.490054 171.572097 5.845133
1  10 1.759637  8434.698544 882.329781 46.328158 2358.546945 181.974614 5.911741
1  11 1.759637  10059.113816 963.977737 46.400461 2688.150869 192.652622 6.068303
1  12 1.759637  11827.421813 1045.877998 46.543846 3036.510423 203.292229 6.046479
1  13 1.759637  13740.090743 1128.058117 46.702889 3403.573859 213.911422 6.034878
1  14 1.759637  15797.341035 1210.208918 46.686227 3789.341232 224.551089 6.046513
1  15 1.759637  17999.135048 1292.346254 46.678575 4193.726218 235.072169 5.979121
1  16 1.759637  20345.198241 1374.185012 46.508894 4616.753599 245.740003 6.062520
1  17 1.759637  22835.402593 1456.176839 46.595883 5058.642301 256.509913 6.120530
1  18 1.759637  25469.880179 1538.165715 46.594205 5519.496555 267.296215 6.129846
1  19 1.759637  28248.358905 1619.848279 46.420129 5999.072291 277.788717 5.962879
1  20 1.759637  31170.712174 1701.693267 46.512434 6497.152693 288.328585 5.989798
1  21 1.759637  34236.883872 1783.312049 46.383882 7013.776375 298.864975 5.987821
1  22 1.759637  37446.455803 1864.681718 46.242310 7548.854117 309.303438 5.932169
1  23 1.759637  40799.257343 1946.106569 46.273671 8102.025062 319.429678 5.754733
1  24 1.759637  44295.378390 2027.578415 46.300377 8673.098976 329.651920 5.809292
1  25 1.759637  47934.993121 2109.201237 46.386177 9262.117774 339.825801 5.781807
1  26 1.759637  51718.486959 2191.111153 46.549333 9868.872437 349.810473 5.674280
1  27 1.759637  55646.089311 2272.994718 46.534357 10493.063407 359.643878 5.588315
1  28 1.759637  59717.870375 2354.984421 46.594676 11134.176471 369.044094 5.342135
1  29 1.759637  63933.926191 2436.977145 46.596393 11791.646209 378.234844 5.223095
1  30 1.759637  68294.135294 2518.828791 46.516218 12465.251950 387.384248 5.199598
1  31 1.759637  72798.303737 2600.601076 46.471117 13155.090186 396.684668 5.285421
1  32 1.759637  77446.106375 2682.083163 46.306198 13861.009552 405.662031 5.101828
1  33 1.759637  82237.338604 2763.622894 46.338957 14582.875245 414.809236 5.198348
1  34 1.759637  87172.028597 2845.137004 46.324397 15320.976516 424.115360 5.288662
1  35 1.759637  92250.234132 2926.742404 46.376276 16075.430555 433.395764 5.274045
1  36 1.759637  97471.730442 3008.001046 46.179214 16845.900310 442.318794 5.070950
1  37 1.759637  102836.287108 3089.344550 46.227441 17632.061208 451.230289 5.064395
1  38 1.759637  108344.015355 3170.729611 46.251058 18433.736015 459.951876 4.956470
1  39 1.759637  113994.963511 3252.128045 46.258657 19250.712874 468.622574 4.927550
1  40 1.759637  119789.332198 3333.741133 46.380646 20083.012813 477.368061 4.970053
1  41 1.759637  125726.997977 3414.999266 46.178925 20930.640595 486.044173 4.930627
1  42 1.759637  131807.808048 3496.438681 46.281947 21793.690168 494.896442 5.030736
1  43 1.759637  138031.959038 3577.920301 46.305933 22672.288610 503.716990 5.012710
1  44 1.759637  144399.460793 3659.370905 46.288306 23566.348022 512.469354 4.973961
1  45 1.759637  150910.343219 3740.886519 46.325251 24475.941227 521.372670 5.059747
1  46 1.759637  157564.339411 3822.033756 46.115903 25402.581956 531.845540 5.951723
1  47 1.759637  164361.730081 3903.868429 46.506572 26346.604718 541.129058 5.275815
1  48 1.759637  171304.007211 3986.711450 47.079615 27306.030283 549.352338 4.673283
1  49 1.759637  178392.479746 4070.033867 47.352056 28280.122322 557.798947 4.800200
1  50 1.759637  185627.767705 4153.581600 47.480102 29267.895148 564.901897 4.036600
1  51 1.759637  193009.647721 4236.650141 47.207778 30267.300887 571.020894 3.477421
1  52 1.759637  200536.478156 4318.331988 46.419722 31278.110926 577.864006 3.888935
1  53 1.759637  208207.367522 4400.387266 46.631941 32300.888317 584.622963 3.841110
1  54 1.759637  216023.312213 4483.201614 47.063321 33337.885933 594.026689 5.344129
1  55 1.759637  223984.454782 4565.418916 46.724020 34390.642635 602.534711 4.835101
1  56 1.759637  232091.723379 4649.288199 47.662839 35460.754408 613.752433 6.375022
1  57 1.759637  240346.735601 4733.344058 47.768870 36548.463403 622.535682 4.991513
1  58 1.759637  248749.655800 4817.400143 47.768999 37652.456542 632.260962 5.526868
1  59 1.759637  257299.264906 4900.070410 46.981440 38776.155220 644.932963 7.201487
1  60 1.759637  265995.302265 4983.830235 47.600634 39922.086935 657.530993 7.159449
1  61 1.759637  274839.750613 5068.754078 48.262144 41093.817579 674.255980 9.504795
1  62 1.759637  283835.467376 5155.761648 49.446325 42295.511102 691.586747 9.849060
1  63 1.759637  292984.686236 5243.224289 49.704942 43526.829643 707.927723 9.286562
1  64 1.759637  302287.415772 5330.241609 49.451866 44789.162690 726.837781 10.746569
1  65 1.759637  311744.251495 5418.381108 50.089599 46088.662177 750.171033 13.260267
1  66 1.759637  321352.710753 5502.576651 47.848252 47430.141513 774.552002 13.855683
1  67 1.759637  331110.777463 5588.424673 48.787355 48812.479230 796.610596 12.535879
1  68 1.759637  341019.032243 5673.280144 48.223289 50232.412602 817.283157 11.748198
1  69 1.759637  351076.657890 5758.199337 48.259502 51689.241156 838.545595 12.083425
1  70 1.759637  361283.594159 5842.986332 48.184374 53186.031018 862.703109 13.728694
1  71 1.759637  371639.773938 5927.829245 48.216152 54724.515415 885.935528 13.202963
1  72 1.759637  382145.537563 6013.003066 48.404207 56303.859041 909.143638 13.189148
1  73 1.759637  392801.371326 6098.398698 48.530262 57923.659388 931.918565 12.942971
1  74 1.759637  403607.614007 6183.957576 48.623034 59582.088059 953.048522 12.008136
1  75 1.759637  414564.723760 6269.873945 48.826196 61278.062879 974.593452 12.243964
1  76 1.759637  425672.882996 6355.640150 48.740858 63010.181622 994.129641 11.102399
1  77 1.759637  436931.840706 6441.271223 48.664063 64777.501554 1014.603061 11.635027
1  78 1.759637  448341.452066 6526.872821 48.647312 66583.056005 1037.586927 13.061711
1  79 1.759637  459901.671488 6612.452080 48.634617 68430.864764 1062.629233 14.231520
1  80 1.759637  471612.263873 6697.786464 48.495454 70322.575862 1087.486247 14.126219
1  81 1.759637  483472.944859 6783.042518 48.450940 72259.327359 1113.822071 14.966625
1  82 1.759637  495483.676995 6868.334336 48.471265 74242.609816 1140.373255 15.089014
1  83 1.759637  507644.811512 6953.989596 48.677809 76272.522576 1166.821990 15.030793
1  84 1.759637  519956.361693 7039.296514 48.479845 78349.798030 1194.205608 15.562086
1  85 1.759637  532418.194379 7124.800425 48.591797 80477.556797 1224.201234 17.046488
1  86 1.759637  545030.635221 7210.477476 48.690192 82656.222484 1252.066323 15.835705
1  87 1.759637  557793.622784 7295.911561 48.552115 84884.731344 1280.852897 16.359385
1  88 1.759637  570706.954474 7381.358346 48.559332 87162.866677 1308.471683 15.695731
1  89 1.759637  583770.722864 7466.897646 48.611909 89493.881885 1340.956070 18.460848
1  90 1.759637  596984.528761 7551.890712 48.301484 91884.313508 1376.004275 19.917864
1  91 1.759637  610344.275576 7632.773834 45.965807 94335.035880 1409.482430 19.025606
1  92 1.759637  623850.810249 7718.729531 48.848547 96843.685606 1441.844401 18.391280
1  93 1.759637  637506.444254 7802.239870 47.458852 99408.437413 1473.247956 17.846612
1  94 1.759637  651318.321821 7896.315687 53.463203 102029.152938 1505.452663 18.301907
1  95 1.759637  665296.119474 7990.824346 53.709187 104708.874199 1540.313772 19.811537
1  96 1.759637  679437.887017 8082.683574 52.203518 107449.152789 1574.282015 19.304122
1  97 1.759637  693733.668490 8165.876305 47.278355 110250.963063 1610.250576 20.440902
1  98 1.759637  708182.165518 8256.259804 51.364862 113116.661804 1646.897533 20.826433
1  99 1.759637  722791.062826 8348.186978 52.242132 116048.316557 1685.216062 21.776386
1  100 1.759637  737554.553146 8431.969947 47.613787 119047.121630 1723.220468 21.597870
1  101 1.759637  752465.183710 8515.426319 47.428182 122110.627307 1758.754654 20.194047
1  102 1.759637  767517.487845 8592.995876 44.082710 125236.702014 1794.336316 20.221027
1  103 1.759637  782708.146294 8672.679588 45.284183 128426.138815 1830.771898 20.706309
1  104 1.759637  798041.124068 8754.755768 46.643820 131680.239215 1867.832848 21.061705
1  105 1.759637  813522.188700 8840.994848 49.009593 134997.568440 1902.637668 19.779548
1  106 1.759637  829162.391723 8935.632181 53.782312 138375.861836 1937.124616 19.598902
1  107 1.759637  844974.919623 9036.858999 57.527111 141815.415689 1972.266196 19.970929
1  108 1.759637  860966.790273 9139.472831 58.315350 145317.880408 2008.628995 20.664947
1  109 1.759637  877138.328330 9241.068655 57.736817 148885.702180 2046.550906 21.550988
1  110 1.759637  893489.769592 9343.950495 58.467659 152519.701046 2083.845762 21.194634
1  111 1.759637  910016.307559 9440.083261 54.632165 156221.266109 2123.346527 22.448250
1  112 1.759637  926718.784962 9543.922945 59.012001 159993.489076 2164.155410 23.191652
1  113 1.759637  943598.238146 9641.233620 55.301571 163837.684702 2205.150523 23.297486
2  1 1.759637  269.368490 149.046113 46.010356 205.840245 89.997214 6.010396
2  2 1.759637  602.969758 230.124496 46.076773 373.503501 100.568545 6.007678
2  3 1.759637  1079.467987 311.462546 46.224342 559.765434 111.136438 6.005724
2  4 1.759637  1698.750424 392.412775 46.003943 764.510114 121.576002 5.932795
2  5 1.759637  2460.630562 473.538839 46.103871 987.790011 132.203532 6.039615
2  6 1.759637  3365.560704 555.003156 46.296099 1229.685014 142.733900 5.984399
2  7 1.759637  4413.478659 636.058533 46.063699 1490.311953 153.494217 6.115078
2  8 1.759637  5604.320597 717.450303 46.254870 1769.845503 164.223120 6.097226
2  9 1.759637  6938.381966 798.841484 46.254536 2068.125626 174.801539 6.011706
2  10 1.759637  8415.328461 879.853283 46.038934 2385.174048 185.555135 6.111259
2  11 1.759637  10034.776339 960.808304 46.006666 2721.324901 196.513328 6.227531
2  12 1.759637  11796.493878 1041.556728 45.889258 3076.804959 207.524676 6.257739
2  13 1.759637  13700.585213 1122.630108 46.073930 3451.832572 218.731045 6.368570
2  14 1.759637  15747.581623 1203.982382 46.232425 3846.543453 229.896643 6.345399
2  15 1.759637  17937.632456 1285.225512 46.170398 4260.957229 241.125320 6.381248
2  16 1.759637  20270.797823 1366.646108 46.271253 4695.118092 252.341147 6.373945
2  17 1.759637  22747.406370 1448.262776 46.382680 5148.980539 263.518106 6.351856
2  18 1.759637  25367.484333 1529.713192 46.288199 5622.476911 274.657031 6.330241
2  19 1.759637  28130.829959 1611.100548 46.252362 6115.513395 285.727363 6.291260
2  20 1.759637  31037.354269 1692.449831 46.230725 6628.187495 296.977111 6.393222
2  21 1.759637  34086.917940 1773.678831 46.162369 7160.770774 308.356100 6.466670
2  22 1.759637  37279.474665 1854.975484 46.200816 7713.359644 319.715430 6.455497
2  23 1.759637  40615.276964 1936.491495 46.325477 8286.156563 331.324533 6.597443
2  24 1.759637  44094.631185 2018.136344 46.398695 8879.442652 343.003383 6.637080
2  25 1.759637  47717.687296 2099.822809 46.422346 9493.434000 354.858094 6.737022
2  26 1.759637  51484.645069 2181.694718 46.527733 10128.321486 366.753897 6.760374
2  27 1.759637  55395.649257 2263.545709 46.515846 10784.205181 378.722347 6.801659
2  28 1.759637  59450.701171 2345.419108 46.528580 11461.099133 390.634119 6.769449
2  29 1.759637  63649.880963 2427.361198 46.567617 12158.902581 402.488043 6.736574
2  30 1.759637  67993.206409 2509.254804 46.540064 12877.693772 414.488750 6.819992
2  31 1.759637  72480.962859 2591.521221 46.751932 13617.540018 426.419182 6.780053
2  32 1.759637  77113.462061 2673.769159 46.741430 14378.286840 438.244307 6.720208
2  33 1.759637  81890.569449 2755.882628 46.665012 15159.802626 450.025150 6.695043
2  34 1.759637  86812.313761 2838.163232 46.759994 15962.249716 462.034789 6.825067
2  35 1.759637  91878.810154 2920.407586 46.739393 16785.947561 474.178722 6.901386
2  36 1.759637  97090.208208 3002.858203 46.856613 17630.838280 486.122571 6.787679
2  37 1.759637  102446.585764 3085.191033 46.789674 18496.637359 497.943127 6.717611
2  38 1.759637  107947.744924 3167.416716 46.728783 19383.379257 509.926143 6.809938
2  39 1.759637  113593.508020 3249.547610 46.674915 20291.469562 522.207688 6.979591
2  40 1.759637  119383.804188 3331.692749 46.683010 21221.169994 534.488175 6.978990
2  41 1.759637  125318.666865 3413.861649 46.696513 22172.367290 546.640984 6.906430
2  42 1.759637  131398.290983 3496.228345 46.808921 23145.123916 558.992473 7.019340
2  43 1.759637  137622.987270 3578.750419 46.897221 24139.637336 571.369717 7.033976
2  44 1.759637  143992.689760 3661.042140 46.766312 25155.965699 583.787299 7.056901
2  45 1.759637  150507.413357 3743.581150 46.906846 26194.363836 596.454184 7.198579
2  46 1.759637  157166.232472 3824.820852 46.168450 27253.588861 607.459102 6.254085
2  47 1.759637  163970.477699 3908.872210 47.766313 28331.588608 617.793500 5.873029
2  48 1.759637  170923.150598 3993.523481 48.107242 29428.622449 629.093219 6.421620
2  49 1.759637  178021.976268 4074.989190 46.296890 30545.485653 640.331519 6.386716
2  50 1.759637  185261.223899 4153.126834 44.405554 31685.557247 655.471833 8.604227
2  51 1.759637  192638.212512 4231.545345 44.565170 32851.699273 669.963126 8.235389
2  52 1.759637  200154.559312 4311.521103 45.450153 34042.439191 683.429754 7.653072
2  53 1.759637  207811.139462 4390.934321 45.130461 35259.362612 699.723249 9.259579
2  54 1.759637  215608.001628 4470.965394 45.481588 36506.430849 717.692299 10.211795
2  55 1.759637  223548.392667 4554.068984 47.227696 37784.257132 734.682789 9.655681
2  56 1.759637  231634.239464 4636.290151 46.726217 39091.591473 751.231105 9.404393
2  57 1.759637  239864.246913 4717.921726 46.391151 40430.049087 770.057447 10.698993
2  58 1.759637  248239.461739 4801.332598 47.402325 41802.065879 789.374406 10.977811
2  59 1.759637  256763.145509 4886.671264 48.497888 43208.489834 809.164569 11.246732
2  60 1.759637  265437.566490 4972.660246 48.867462 44647.268730 826.148973 9.652222
2  61 1.759637  274262.228907 5057.435413 48.177653 46117.221342 844.596560 10.483747
2  62 1.759637  283234.034733 5139.903184 46.866361 47618.867492 862.171792 9.987989
2  63 1.759637  292348.149237 5219.183204 45.054766 49153.457496 882.040487 11.291362
2  64 1.759637  301602.338004 5299.111342 45.423090 50722.170977 900.956475 10.749939
2  65 1.759637  310996.396486 5378.158874 44.922642 52325.291288 921.147229 11.474388
2  66 1.759637  320526.506238 5453.746975 42.956651 53965.031070 942.578101 12.179146
2  67 1.759637  330189.131318 5528.775561 42.638679 55641.540488 962.939532 11.571384
2  68 1.759637  339983.671814 5603.681803 42.569151 57355.587632 985.243413 12.675276
2  69 1.759637  349909.947114 5678.505106 42.522016 59106.629481 1004.987649 11.220632
2  70 1.759637  359968.062449 5753.530953 42.637123 60893.030797 1025.432920 11.619029
2  71 1.759637  370157.999055 5828.332929 42.509896 62717.870897 1048.677103 13.209649
2  72 1.759637  380479.445935 5903.005297 42.436240 64584.661414 1073.113690 13.887291
2  73 1.759637  390932.603245 5978.034771 42.639184 66492.674092 1095.530138 12.739248
2  74 1.759637  401517.697565 6052.964668 42.582594 68437.877051 1115.384097 11.282987
2  75 1.759637  412234.681811 6127.940627 42.608771 70417.970461 1135.186561 11.253723
2  76 1.759637  423083.432535 6202.730213 42.502855 72433.094946 1155.200356 11.373822
2  77 1.759637  434063.763595 6277.494604 42.488537 74482.184877 1173.791627 10.565403
2  78 1.759637  445175.471211 6352.052574 42.371228 76565.212088 1193.773407 11.355628
2  79 1.759637  456418.580415 6426.845416 42.504706 78682.524982 1212.760675 10.790447
2  80 1.759637  467793.181780 6501.506330 42.429731 80834.527701 1233.201799 11.616673
2  81 1.759637  479299.261387 6576.283354 42.495716 83021.516812 1252.526147 10.982010
2  82 1.759637  490936.947532 6651.090088 42.512601 85242.236518 1271.539933 10.805518
2  83 1.759637  502705.852945 6725.426940 42.245567 87496.574359 1290.736460 10.909369
2  84 1.759637  514605.618702 6799.825723 42.280763 89781.846174 1306.699434 9.071744
2  85 1.759637  526635.982687 6873.864655 42.076259 92097.009662 1324.711282 10.236117
2  86 1.759637  538796.440941 6947.690639 41.955241 94444.192896 1343.093020 10.446325
2  87 1.759637  551086.761222 7021.465605 41.926248 96823.131505 1360.804385 10.065353
2  88 1.759637  563507.000152 7095.355944 41.991814 99234.166924 1379.574198 10.666868
2  89 1.759637  576057.533229 7169.557701 42.168793 101678.189553 1398.297590 10.640487
2  90 1.759637  588738.619440 7243.742406 42.159102 104152.779060 1414.316457 9.103508
2  91 1.759637  601552.249496 7320.206799 43.454647 106655.363615 1430.116712 8.979271
2  92 1.759637  614503.262730 7399.891884 45.284963 109187.339529 1447.722623 10.005424
2  93 1.759637  627591.422213 7476.086981 43.301606 111748.338616 1463.104399 8.741449
2  94 1.759637  640813.144560 7551.699198 42.970356 114336.749701 1478.879052 8.964722
2  95 1.759637  654173.850564 7634.055560 46.803048 116954.099836 1495.996471 9.727814
2  96 1.759637  667678.561520 7715.374972 46.213749 119603.699873 1515.534234 11.103293
2  97 1.759637  681326.688623 7797.062098 46.422722 122288.480241 1535.982373 11.620659
2  98 1.759637  695118.794428 7879.020908 46.577119 125005.407770 1552.072640 9.144084
2  99 1.759637  709057.939270 7964.186408 48.399478 127749.453593 1566.804979 8.372375
2  100 1.759637  723147.358901 8049.822967 48.667180 130519.981543 1582.172177 8.733165
2  101 1.759637  737394.069192 8142.962694 52.931224 133317.971453 1598.018195 9.005278
2  102 1.759637  751808.663578 8240.639732 55.509774 136142.467873 1612.299428 8.116012
2  103 1.759637  766391.880691 8334.618986 53.408327 138994.891164 1629.759827 9.922729
2  104 1.759637  781139.538268 8427.542472 52.808335 141875.071781 1643.848357 8.006499
2  105 1.759637  796053.688170 8523.853867 54.733680 144777.609891 1655.171313 6.434826
2  106 1.759637  811139.883990 8623.089558 56.395555 147700.324677 1666.781132 6.597850
2  107 1.759637  826399.572611 8721.045476 55.668261 150644.245764 1679.274356 7.099888
2  108 1.759637  841829.075963 8816.100681 54.019789 153609.440926 1690.961208 6.641628
2  109 1.759637  857425.617700 8910.901007 53.874941 156594.733185 1702.116680 6.339645
2  110 1.759637  873192.094297 9009.248342 55.890703 159600.980604 1714.778808 7.195876
2  111 1.759637  889132.930057 9109.077323 56.732721 162629.319987 1727.226366 7.073936
2  112 1.759637  905251.196454 9210.915690 57.874653 165677.464451 1737.289227 5.718715
2  113 1.759637  921548.556232 9312.634543 57.806734 168741.222976 1744.973281 4.366841
3  1 1.759637  269.641222 149.356100 46.186521 205.941157 90.111910 6.075578
3  2 1.759637  603.936465 230.603280 46.172700 373.760283 100.631010 5.977995
3  3 1.759637  1081.377885 312.055792 46.289390 560.043085 111.097692 5.948206
3  4 1.759637  1702.156655 393.520257 46.296183 764.874618 121.713466 6.032935
3  5 1.759637  2466.419877 475.139966 46.384408 988.260702 132.186760 5.951964
3  6 1.759637  3374.495000 556.976609 46.507692 1229.929549 142.493623 5.857381
3  7 1.759637  4426.336915 638.545047 46.355271 1489.532772 152.570939 5.726929
3  8 1.759637  5621.956439 720.393985 46.514679 1766.927158 162.715029 5.764878
3  9 1.759637  6961.637516 802.285152 46.538678 2061.988619 172.651304 5.646776
3  10 1.759637  8445.392826 884.148503 46.522870 2374.551291 182.606874 5.657742
3  11 1.759637  10073.232313 966.050973 46.545101 2704.597078 192.522582 5.635088
3  12 1.759637  11845.061134 1047.806524 46.461607 3052.415497 202.807217 5.844749
3  13 1.759637  13760.916859 1129.751696 46.569368 3418.551266 213.342049 5.986936
3  14 1.759637  15820.731976 1211.430515 46.418001 3803.471512 224.157620 6.146479
3  15 1.759637  18024.270099 1293.107008 46.416679 4207.189778 234.707846 5.995684
3  16 1.759637  20371.572431 1374.832661 46.444616 4629.428502 245.207939 5.967193
3  17 1.759637  22862.691321 1456.568653 46.450492 5070.247829 255.826527 6.034535
3  18 1.759637  25497.596906 1538.260365 46.425328 5529.838172 266.543041 6.090185
3  19 1.759637  28276.263373 1619.967016 46.433817 6008.235317 277.202307 6.057651
3  20 1.759637  31198.691302 1701.659388 46.425703 6505.444865 287.925184 6.093802
3  21 1.759637  34265.448322 1784.011204 46.800464 7021.685838 298.833390 6.199123
3  22 1.759637  37477.135231 1866.386443 46.813776 7556.915326 309.507497 6.066086
3  23 1.759637  40833.909276 1948.916986 46.902034 8110.830242 320.071215 6.003351
3  24 1.759637  44335.907315 2031.447777 46.902175 8683.253065 330.543551 5.951419
3  25 1.759637  47983.107858 2113.953895 46.888154 9274.064389 340.971553 5.926224
3  26 1.759637  51775.451370 2196.417017 46.863719 9883.127364 351.288344 5.863024
3  27 1.759637  55712.830970 2278.801656 46.819117 10510.491333 361.772431 5.958097
3  28 1.759637  59795.287804 2361.311545 46.890297 11156.415211 372.383504 6.030263
3  29 1.759637  64022.875254 2443.756857 46.853598 11820.999999 382.982389 6.023337
3  30 1.759637  68395.628966 2526.307260 46.913321 12504.180244 393.519066 5.987985
3  31 1.759637  72913.664454 2608.883866 46.928212 13205.783782 403.922272 5.912133
3  32 1.759637  77577.239384 2691.727133 47.079755 13925.807590 414.455512 5.986031
3  33 1.759637  82386.462907 2774.427797 46.998714 14664.437225 425.069622 6.031989
3  34 1.759637  87341.204127 2857.122289 46.995206 15421.825028 435.776013 6.084433
3  35 1.759637  92441.530642 2939.899787 47.042379 16197.945908 446.361603 6.015781
3  36 1.759637  97687.596441 3022.769300 47.094671 16992.606761 456.848513 5.959702
3  37 1.759637  103079.586351 3105.756872 47.161764 17805.835044 467.465311 6.033517
3  38 1.759637  108617.557856 3188.691722 47.131802 18637.788281 478.131264 6.061452
3  39 1.759637  114301.640132 3271.826117 47.245203 19488.435364 488.712702 6.013422
3  40 1.759637  120131.997311 3354.947516 47.237818 20357.928424 499.551569 6.159718
3  41 1.759637  126108.699976 3438.162137 47.290795 21246.669421 510.589873 6.273059
3  42 1.759637  132231.615837 3521.133176 47.152368 22154.712101 521.489827 6.194434
3  43 1.759637  138500.672620 3604.265650 47.244111 23081.640980 532.055893 6.004686
3  44 1.759637  144916.149670 3687.554192 47.332805 24027.144268 542.601467 5.993040
3  45 1.759637  151478.403753 3771.092166 47.474556 24991.138050 553.072158 5.950484
3  46 1.759637  158188.309770 3855.375117 47.897927 25974.687115 564.827966 6.680815
3  47 1.759637  165044.248026 3937.072151 46.428352 26978.092376 575.640674 6.144853
3  48 1.759637  172041.528957 4016.024950 44.868806 28003.736780 590.104937 8.220028
3  49 1.759637  179177.947358 4095.215554 45.003950 29057.444096 607.536931 9.906587
3  50 1.759637  186453.462705 4174.122291 44.842629 30142.720613 625.986434 10.484836
3  51 1.759637  193866.460236 4251.477561 43.960932 31259.838071 643.727287 10.082111
3  52 1.759637  201416.006076 4329.322856 44.239412 32410.413787 664.015032 11.529507
3  53 1.759637  209102.285446 4406.888649 44.080571 33595.600966 683.066615 10.826998
3  54 1.759637  216921.475603 4480.389021 41.770196 34812.806892 700.407483 9.854800
3  55 1.759637  224870.027101 4553.920520 41.787886 36059.423057 716.494241 9.142090
3  56 1.759637  232952.617657 4632.737577 44.791664 37333.510586 731.631387 8.602427
3  57 1.759637  241172.664361 4710.152935 43.995079 38635.403401 748.097679 9.357779
3  58 1.759637  249528.013741 4786.522357 43.400675 39968.425480 767.012852 10.749476
3  59 1.759637  258019.960242 4865.408982 44.831199 41336.443496 787.874000 11.855372
3  60 1.759637  266650.088855 4943.579900 44.424464 42742.096675 809.788911 12.454224
3  61 1.759637  275419.996780 5024.281900 45.862875 44184.708713 829.881374 11.418529
3  62 1.759637  284332.037737 5105.128052 45.944797 45664.201999 851.708072 12.404093
3  63 1.759637  293386.753339 5186.445649 46.212718 47181.269377 872.588020 11.866056
3  64 1.759637  302582.995135 5265.986473 45.202980 48734.428981 892.730433 11.446915
3  65 1.759637  311919.808035 5346.218517 45.595799 50324.350407 914.371441 12.298566
3  66 1.759637  321393.556496 5421.627189 42.854681 51951.584900 935.140400 11.802981
3  67 1.759637  330999.332276 5496.280533 42.425429 53609.814962 949.600949 8.217917
3  68 1.759637  340740.822837 5575.880369 45.236516 55295.409814 966.243171 9.457760
3  69 1.759637  350622.166669 5655.237512 45.098594 57008.043809 980.333591 8.007573
3  70 1.759637  360643.152629 5734.597364 45.100133 58744.006419 992.758434 7.061027
3  71 1.759637  370803.587532 5813.734935 44.973812 60501.455818 1004.755438 6.817886
3  72 1.759637  381103.085106 5892.655748 44.850628 62281.806472 1018.787959 7.974670
3  73 1.759637  391541.261155 5971.356645 44.725650 64086.218997 1032.104118 7.567561
3  74 1.759637  402117.952830 6050.092362 44.745439 65912.227814 1043.334267 6.382083
3  75 1.759637  412833.012329 6128.625268 44.630181 67759.609343 1056.396305 7.423145
3  76 1.759637  423686.221698 6207.113260 44.604656 69631.071775 1070.704578 8.131379
3  77 1.759637  434677.575120 6285.639553 44.626423 71531.330891 1089.126564 10.469198
3  78 1.759637  445806.902012 6363.933662 44.494473 73467.192664 1111.170496 12.527547
3  79 1.759637  457073.972081 6442.198204 44.477670 75443.066576 1134.604289 13.317404
3  80 1.759637  468478.932050 6520.659078 44.589245 77457.523652 1155.024052 11.604533
3  81 1.759637  480022.178698 6599.374599 44.733961 79506.589165 1173.940178 10.750018
3  82 1.759637  491703.838555 6677.979286 44.670974 81586.776428 1190.396977 9.352384
3  83 1.759637  503523.731927 6756.490566 44.617891 83695.948356 1206.884097 9.369616
3  84 1.759637  515481.989801 6835.244134 44.755583 85835.551097 1224.984585 10.286491
3  85 1.759637  527578.773206 6913.938438 44.721903 88007.325480 1243.450329 10.494066
3  86 1.759637  539814.062402 6992.669572 44.742834 90214.110406 1264.777504 12.120214
3  87 1.759637  552187.954253 7071.473969 44.784469 92459.705064 1287.561403 12.948070
3  88 1.759637  564700.506569 7150.270810 44.780175 94744.030725 1308.799095 12.069361
3  89 1.759637  577351.933889 7229.319054 44.923047 97064.469767 1328.607806 11.257273
3  90 1.759637  590142.367177 7308.264746 44.864766 99421.910637 1350.855307 12.643235
3  91 1.759637  603066.491714 7381.272291 41.490123 101817.930516 1372.456640 12.276018
3  92 1.759637  616121.203514 7456.689998 42.859816 104253.814279 1396.164527 13.473171
3  93 1.759637  629308.031658 7531.435493 42.477799 106732.459209 1421.058906 14.147453
3  94 1.759637  642627.335426 7607.261558 43.091886 109256.168281 1447.384352 14.960728
3  95 1.759637  656076.152199 7678.639744 40.564160 111823.892631 1471.086592 13.469962
3  96 1.759637  669652.631455 7752.362511 41.896583 114435.446914 1497.201376 14.841009
3  97 1.759637  683359.715585 7827.085011 42.464731 117094.499919 1525.073555 15.839734
3  98 1.759637  697203.034955 7907.207244 45.533394 119804.928905 1555.595226 17.345439
3  99 1.759637  711184.292227 7983.864984 43.564526 122571.294449 1588.650948 18.785537
3  100 1.759637  725295.327074 8054.712208 40.262414 125394.807687 1620.549193 18.127744
3  101 1.759637  739527.444148 8121.486827 37.947957 128276.770018 1655.084084 19.626148
3  102 1.759637  753882.814039 8194.801143 41.664461 131220.447664 1690.694709 20.237486
3  103 1.759637  768368.448316 8269.545096 42.476922 134227.258565 1726.841231 20.542037
3  104 1.759637  782983.681797 8342.103369 41.234802 137298.636647 1764.081651 21.163698
3  105 1.759637  797726.408692 8414.453885 41.116734 140436.050262 1801.897102 21.490487
3  106 1.759637  812597.170699 8487.627849 41.584699 143640.395969 1840.156548 21.742810
3  107 1.759637  827594.567952 8558.387281 40.212522 146911.897493 1878.226285 21.634997
3  108 1.759637  842716.709180 8629.411629 40.363074 150246.944923 1912.382711 19.411067
3  109 1.759637  857960.969380 8697.187489 38.516961 153640.491600 1944.716426 18.375221
3  110 1.759637  873315.386501 8754.615790 32.636453 157091.995791 1978.257120 19.061147
3  111 1.759637  888772.034954 8813.383440 33.397603 160603.537275 2012.954706 19.718607
3  112 1.759637  904330.934583 8870.834296 32.649271 164175.993586 2047.492804 19.627971
3  113 1.759637  919980.914645 8916.905298 26.182110 167809.397859 2082.228051 19.740010
4  1 1.759637  269.217323 148.874297 45.912713 205.638770 89.768218 5.880258
4  2 1.759637  602.419283 229.842459 46.014135 372.358023 99.724590 5.658198
4  3 1.759637  1077.987278 310.687281 45.944041 556.675081 109.769851 5.708713
4  4 1.759637  1696.043325 391.794126 46.092948 758.500463 119.624520 5.600399
4  5 1.759637  2456.827924 472.912301 46.099387 977.375975 129.148999 5.412753
4  6 1.759637  3360.579045 554.289621 46.246659 1213.093793 138.767456 5.466161
4  7 1.759637  4407.516481 635.657612 46.241357 1465.693886 148.337361 5.438568
4  8 1.759637  5597.729140 717.135986 46.304088 1735.085384 157.852539 5.407468
4  9 1.759637  6931.154770 798.433222 46.201147 2021.336361 167.499813 5.482537
4  10 1.759637  8407.701386 879.807044 46.244671 2324.570160 177.155185 5.487139
4  11 1.759637  10027.626392 961.396845 46.367412 2644.387152 186.348241 5.224406
4  12 1.759637  11791.159377 1043.031619 46.392969 2980.465340 195.637632 5.279152
4  13 1.759637  13698.500996 1124.849484 46.497020 3333.089461 205.154319 5.408325
4  14 1.759637  15749.822987 1206.679455 46.503900 3702.455302 214.666241 5.405617
4  15 1.759637  17944.960716 1288.310196 46.390678 4088.148227 223.711653 5.140500
4  16 1.759637  20284.029378 1370.271099 46.578308 4489.889828 232.907138 5.225786
4  17 1.759637  22767.281814 1452.189217 46.553994 4907.548732 241.803231 5.055642
4  18 1.759637  25394.630307 1534.050423 46.521651 5340.990201 250.845574 5.138756
4  19 1.759637  28165.909428 1615.780512 46.447137 5790.556304 260.130462 5.276593
4  20 1.759637  31080.796439 1697.274898 46.313188 6256.467038 269.422853 5.280858
4  21 1.759637  34138.897921 1778.557825 46.193015 6738.660432 278.637303 5.236564
4  22 1.759637  37340.281114 1860.128636 46.356620 7237.160877 287.957418 5.296613
4  23 1.759637  40685.425251 1941.956260 46.502566 7751.797935 296.978150 5.126474
4  24 1.759637  44174.682521 2023.927368 46.584108 8282.170995 305.842930 5.037847
4  25 1.759637  47808.312398 2106.049909 46.670167 8827.859418 314.385564 4.854771
4  26 1.759637  51586.641313 2188.392037 46.794958 9388.428826 322.756631 4.757270
4  27 1.759637  55509.789722 2270.651490 46.747974 9963.867975 331.286487 4.847510
4  28 1.759637  59577.660962 2352.883749 46.732520 10554.092431 339.561583 4.702730
4  29 1.759637  63790.141639 2435.014321 46.674732 11158.964270 347.934677 4.758422
4  30 1.759637  68147.014501 2516.999650 46.592189 11778.402892 356.118162 4.650667
4  31 1.759637  72647.920686 2598.722341 46.442933 12412.066897 364.103224 4.537903
4  32 1.759637  77292.473638 2680.268310 46.342502 13059.650626 371.939294 4.453232
4  33 1.759637  82080.461710 2761.750445 46.306225 13721.260943 380.045819 4.606931
4  34 1.759637  87011.884971 2843.296491 46.342546 14397.074456 388.082622 4.567308
4  35 1.759637  92086.529211 2924.535156 46.167862 15087.081115 396.177724 4.600439
4  36 1.759637  97304.106202 3005.753602 46.156371 15791.318804 404.257585 4.591778
4  37 1.759637  102664.905491 3087.321367 46.354889 16509.672840 412.222339 4.526363
4  38 1.759637  108169.081542 3168.715375 46.256143 17241.651575 419.743394 4.274209
4  39 1.759637  113816.406835 3250.024541 46.207927 17986.854081 427.252453 4.267392
4  40 1.759637  119606.930846 3331.474786 46.288102 18745.382925 434.890085 4.340459
4  41 1.759637  125540.911924 3413.077587 46.374800 19517.484579 442.679286 4.426596
4  42 1.759637  131618.444002 3494.634599 46.348778 20303.130488 450.284462 4.322015
4  43 1.759637  137839.620878 3576.344009 46.435385 21102.160291 457.891395 4.323014
4  44 1.759637  144204.456261 3657.916604 46.357633 21914.581622 465.505249 4.326946
4  45 1.759637  150712.944946 3739.620098 46.432024 22740.335973 473.045683 4.285222
4  46 1.759637  157365.209152 3821.331605 46.436577 23579.161203 480.361586 4.157622
4  47 1.759637  164163.561067 3905.663131 47.925532 24431.242957 488.113024 4.405135
4  48 1.759637  171112.530716 3992.523453 49.362644 25295.913562 494.670052 3.726353
4  49 1.759637  178214.282886 4079.315473 49.323828 26170.499058 499.382272 2.677950
4  50 1.759637  185469.937290 4167.448459 50.085897 27054.170411 504.997022 3.190857
4  51 1.759637  192881.477125 4256.494579 50.604831 27946.950885 509.735681 2.692976
4  52 1.759637  200449.772197 4345.616181 50.647727 28848.858687 515.371127 3.202619
4  53 1.759637  208173.970742 4433.694191 50.054655 29760.921519 521.277871 3.356797
4  54 1.759637  216054.076543 4522.820093 50.650171 30683.244608 527.032918 3.270588
4  55 1.759637  224091.006708 4611.940484 50.647039 31615.362991 532.411184 3.056464
4  56 1.759637  232285.963563 4702.432949 51.426787 32555.517342 536.166584 2.134190
4  57 1.759637  240639.704118 4792.413757 51.136014 33502.769348 540.478367 2.450383
4  58 1.759637  249152.621376 4883.352907 51.680638 34457.374665 544.524344 2.299325
4  59 1.759637  257826.188484 4975.008092 52.087561 35418.507782 547.897852 1.917161
4  60 1.759637  266660.411324 5065.953927 51.684438 36385.804236 551.529583 2.063910
4  61 1.759637  275653.101844 5155.122175 50.674236 37359.958822 555.692793 2.365948
4  62 1.759637  284803.068320 5244.713500 50.914670 38341.990465 560.482631 2.722061
4  63 1.759637  294110.105208 5333.648127 50.541470 39332.101729 564.876077 2.496791
4  64 1.759637  303574.880502 5423.998693 51.346147 40328.778853 567.945375 1.744279
4  65 1.759637  313197.505725 5513.060076 50.613505 41329.806523 569.820901 1.065860
4  66 1.759637  322975.350722 5600.421213 49.647257 42332.963960 570.366063 0.309815
4  67 1.759637  332905.485540 5686.152417 48.720967 43340.951826 575.311158 2.810293
4  68 1.759637  342985.095743 5770.314670 47.829334 44357.704412 580.328028 2.851083
4  69 1.759637  353212.830061 5854.510024 47.848145 45378.790725 580.236865 -0.051808
4  70 1.759637  363588.594627 5938.565588 47.768703 46400.408502 580.932089 0.395095
4  71 1.759637  374112.030687 6022.353181 47.616414 47421.530339 579.673180 -0.715437
4  72 1.759637  384782.842966 6106.073138 47.577978 48441.217035 579.300911 -0.211560
4  73 1.759637  395600.885562 6189.694898 47.522172 49461.698912 580.576981 0.725189
4  74 1.759637  406566.286014 6273.559817 47.660359 50483.853560 581.202180 0.355300
4  75 1.759637  417679.432431 6357.622699 47.772862 51507.967238 582.803611 0.910092
4  76 1.759637  428940.591770 6441.791041 47.832794 52534.972411 584.488648 0.957605
4  77 1.759637  440349.833575 6525.932968 47.817783 53564.338794 585.487358 0.567566
4  78 1.759637  451907.124999 6610.063976 47.811577 54596.848951 588.061856 1.463085
4  79 1.759637  463612.577236 6694.332285 47.889605 55632.992094 589.616603 0.883561
4  80 1.759637  475466.202354 6778.477010 47.819373 56674.356386 593.996206 2.488925
4  81 1.759637  487468.055141 6862.807590 47.924994 57725.386317 600.602551 3.754380
4  82 1.759637  499618.182868 6947.006045 47.849907 58787.676060 606.794088 3.518645
4  83 1.759637  511916.373052 7031.095116 47.787745 59858.355360 610.138106 1.900403
4  84 1.759637  524362.418643 7115.058239 47.716168 60931.818777 609.958510 -0.102064
4  85 1.759637  536956.283548 7199.106286 47.764431 62004.127200 608.825343 -0.643978
4  86 1.759637  549698.017850 7283.126333 47.748518 63074.934004 608.251772 -0.325960
4  87 1.759637  562587.857612 7367.442690 47.916911 64145.314764 608.341102 0.050766
4  88 1.759637  575625.956610 7451.637518 47.847846 65215.774333 608.341346 0.000139
4  89 1.759637  588812.241929 7535.870998 47.869812 66287.246045 609.491502 0.653633
4  90 1.759637  602146.811011 7620.176581 47.910788 67363.213973 613.451738 2.250598
4  91 1.759637  615627.246828 7701.662871 46.308587 68448.016623 619.533031 3.455994
4  92 1.759637  629251.449295 7783.581499 46.554284 69543.761405 625.888544 3.611832
4  93 1.759637  643027.753115 7874.541000 51.692204 70651.223981 632.851457 3.957017
4  94 1.759637  656965.325418 7966.878971 52.475587 71771.158589 640.064233 4.099015
4  95 1.759637  671068.284826 8062.519691 54.352536 72902.797482 646.154525 3.461108
4  96 1.759637  685336.548234 8154.763203 52.421906 74044.173346 651.131258 2.828273
4  97 1.759637  699772.968974 8253.647017 56.195584 75198.719700 661.124082 5.678913
4  98 1.759637  714393.331401 8363.830998 62.617458 76369.676167 669.782962 4.920834
4  99 1.759637  729204.747260 8470.798009 60.789258 77556.861219 679.569462 5.561659
4  100 1.759637  744203.892046 8577.203364 60.470069 78764.232961 692.727120 7.477485
4  101 1.759637  759401.316184 8696.161969 67.604070 79995.233078 706.425431 7.784738
4  102 1.759637  774806.287672 8813.101315 66.456527 81250.163953 719.926776 7.672802
4  103 1.759637  790415.516545 8928.320550 65.478989 82528.794286 733.362195 7.635337
4  104 1.759637  806225.085733 9040.807761 63.926382 83831.080276 746.813752 7.644508
4  105 1.759637  822225.721863 9145.486899 59.489061 85161.316895 765.130831 10.409580
4  106 1.759637  838415.500822 9255.787164 62.683543 86523.260438 782.851786 10.070803
4  107 1.759637  854800.830995 9367.750062 63.628416 87915.562098 799.635812 9.538347
4  108 1.759637  871388.138843 9485.354633 66.834573 89336.381856 815.265405 8.882284
4  109 1.759637  888183.017980 9603.675220 67.241485 90784.197671 830.319484 8.555220
4  110 1.759637  905183.217571 9718.721497 65.380698 92257.638189 844.390396 7.996487
4  111 1.759637  922388.208041 9836.440170 66.899417 93755.791425 858.407916 7.966144
4  112 1.759637  939791.460553 9944.065783 61.163541 95278.610044 872.425027 7.965912
4  113 1.759637  957388.051673 10056.188488 63.719234 96825.981180 886.314263 7.893240
5  1 1.759637  269.142102 148.788801 45.864126 205.601496 89.725852 5.856182
5  2 1.759637  601.927995 229.455055 45.842561 372.565773 100.045448 5.864617
5  3 1.759637  1076.814951 310.300617 45.944461 557.694737 110.371804 5.868459
5  4 1.759637  1694.149994 391.361298 46.066713 760.876166 120.563848 5.792130
5  5 1.759637  2454.204301 472.515081 46.119623 981.961273 130.721093 5.772353
5  6 1.759637  3357.230639 553.863055 46.229982 1220.903063 140.859722 5.761774
5  7 1.759637  4403.521673 635.349479 46.308663 1477.592492 150.893027 5.701918
5  8 1.759637  5592.998257 716.607497 46.178860 1751.952605 160.944192 5.712068
5  9 1.759637  6925.360254 797.752786 46.114796 2044.232212 171.260292 5.862630
5  10 1.759637  8400.688077 879.102203 46.230801 2354.869204 181.809163 5.994914
5  11 1.759637  10019.506313 960.843734 46.453640 2684.120828 192.417648 6.028793
5  12 1.759637  11782.095480 1042.511988 46.411997 3031.925867 202.896943 5.955374
5  13 1.759637  13688.368414 1124.154449 46.397338 3398.245409 213.461198 6.003657
5  14 1.759637  15738.286968 1205.779345 46.387356 3782.932157 223.773077 5.860232
5  15 1.759637  17931.643866 1287.186217 46.263453 4185.613521 233.913848 5.762991
5  16 1.759637  20268.187733 1368.525400 46.224986 4606.069686 243.975883 5.718246
5  17 1.759637  22747.835695 1449.838078 46.209923 5044.254240 254.063905 5.733014
5  18 1.759637  25371.065234 1531.719965 46.533403 5500.148917 264.105177 5.706446
5  19 1.759637  28138.492620 1613.733096 46.607990 5973.585356 274.001840 5.624265
5  20 1.759637  31050.072914 1695.563904 46.504375 6464.506500 283.978262 5.669592
5  21 1.759637  34105.503342 1777.232904 46.412420 6973.115313 294.105613 5.755364
5  22 1.759637  37304.698449 1858.966583 46.449177 7499.146607 303.780623 5.498300
5  23 1.759637  40647.489399 1940.443686 46.303365 8042.215443 313.470453 5.506722
5  24 1.759637  44133.571567 2021.831126 46.252410 8601.985912 322.763669 5.281326
5  25 1.759637  47762.752675 2103.089688 46.179169 9178.014299 331.949175 5.220115
5  26 1.759637  51534.996084 2184.435483 46.228743 9770.227517 341.159320 5.234117
5  27 1.759637  55450.355540 2265.755134 46.213885 10378.465112 350.162452 5.116472
5  28 1.759637  59508.871674 2347.147108 46.254987 11002.612414 359.242266 5.160050
5  29 1.759637  63710.469982 2428.382080 46.165762 11642.448622 367.994434 4.973850
5  30 1.759637  68055.030730 2509.637964 46.177647 12297.628917 376.682326 4.937321
5  31 1.759637  72542.485587 2590.795271 46.121626 12968.243464 385.536980 5.032091
5  32 1.759637  77172.771108 2671.979044 46.136666 13654.340906 394.280156 4.968740
5  33 1.759637  81945.835404 2753.077373 46.088109 14356.110807 403.350269 5.154537
5  34 1.759637  86861.483553 2834.039598 46.010760 15073.688609 412.247388 5.056225
5  35 1.759637  91919.920377 2915.370729 46.220410 15806.617740 420.798563 4.859625
5  36 1.759637  97121.221880 2996.419338 46.059852 16554.460468 429.198156 4.773481
5  37 1.759637  102465.188157 3077.523258 46.091286 17316.955906 437.452807 4.691111
5  38 1.759637  107952.042943 3158.826165 46.204370 18094.037791 445.777086 4.730681
5  39 1.759637  113582.108684 3240.296575 46.299562 18885.607515 453.919658 4.627416
5  40 1.759637  119355.490650 3321.719133 46.272368 19691.337163 461.871231 4.518872
5  41 1.759637  125272.204491 3403.207329 46.309670 20511.045474 469.807782 4.510335
5  42 1.759637  131332.003973 3484.350019 46.113319 21344.840125 477.881740 4.588423
5  43 1.759637  137534.455400 3565.345277 46.029534 22192.989467 486.123298 4.683670
5  44 1.759637  143879.476437 3646.394386 46.060137 23055.874393 494.630179 4.834453
5  45 1.759637  150367.078301 3727.402391 46.036777 23933.807945 503.227540 4.885873
5  46 1.759637  156998.046327 3809.344112 46.567408 24826.795650 511.740702 4.838022
5  47 1.759637  163774.628451 3892.907116 47.488781 25733.715229 519.062485 4.160963
5  48 1.759637  170697.506232 3975.623497 47.007646 26653.461459 526.319449 4.124126
5  49 1.759637  177767.007167 4059.558732 47.700320 27587.626734 535.451146 5.189535
5  50 1.759637  184980.907453 4139.747544 45.571231 28536.217227 542.715127 4.128114
5  51 1.759637  192333.452738 4217.142393 43.983424 29498.201623 550.674633 4.523380
5  52 1.759637  199824.108106 4296.723220 45.225713 30473.649180 558.017331 4.172849
5  53 1.759637  207454.850150 4376.364660 45.260160 31461.055708 564.267177 3.551782
5  54 1.759637  215222.852320 4452.732835 43.399966 32460.830437 572.075007 4.437183
5  55 1.759637  223126.085720 4530.068237 43.949640 33475.377553 581.057446 5.104712
5  56 1.759637  231165.580996 4607.607841 44.065689 34506.307975 590.696243 5.477720
5  57 1.759637  239340.546036 4684.042931 43.437994 35554.190570 600.325257 5.472160
5  58 1.759637  247650.059319 4760.535135 43.470451 36619.223060 610.188783 5.605434
5  59 1.759637  256092.354892 4834.963047 42.297317 37701.514920 619.942226 5.542873
5  60 1.759637  264664.031109 4907.588946 41.273234 38800.020127 628.616845 4.929778
5  61 1.759637  273364.995420 4981.911664 42.237535 39915.289207 638.996014 5.898472
5  62 1.759637  282196.593048 5056.066544 42.142152 41047.986240 648.425426 5.358727
5  63 1.759637  291157.958189 5129.405189 41.678287 42195.267493 655.572412 4.061626
5  64 1.759637  300246.888577 5201.056978 40.719648 43355.510075 663.157250 4.310457
5  65 1.759637  309462.360226 5273.231760 41.016865 44530.806795 672.682917 5.413428
5  66 1.759637  318804.661602 5345.211422 40.905978 45721.921671 681.136139 4.803958
5  67 1.759637  328274.463878 5418.149056 41.450393 46926.163893 687.603436 3.675359
5  68 1.759637  337872.289625 5490.722674 41.243523 48139.993879 692.033574 2.517643
5  69 1.759637  347597.840521 5563.321233 41.257697 49359.660878 694.237775 1.252645
5  70 1.759637  357451.424967 5636.245379 41.442727 50584.447489 697.852516 2.054254
5  71 1.759637  367433.417055 5709.269132 41.499334 51815.766931 701.662978 2.165482
5  72 1.759637  377543.815312 5782.191604 41.441776 53050.491195 701.722431 0.033787
5  73 1.759637  387782.526704 5855.109613 41.439240 54282.715705 698.821762 -1.648448
5  74 1.759637  398149.427600 5927.891566 41.361919 55509.611426 695.665740 -1.793564
5  75 1.759637  408644.783255 6001.111065 41.610576 56731.482798 693.111095 -1.451803
5  76 1.759637  419269.082032 6074.448090 41.677367 57947.645519 689.177297 -2.235574
5  77 1.759637  430022.482951 6147.848331 41.713292 59154.510661 682.543484 -3.769990
5  78 1.759637  440904.896447 6221.083555 41.619513 60348.393840 674.422022 -4.615420
5  79 1.759637  451916.252747 6294.404495 41.668225 61525.716933 663.721318 -6.081200
5  80 1.759637  463056.668033 6367.771769 41.694557 62686.690211 655.838852 -4.479599
5  81 1.759637  474326.127099 6441.075427 41.658404 63832.412443 646.387007 -5.371475
5  82 1.759637  485724.641945 6514.456340 41.702308 64963.590071 639.307480 -4.023289
5  83 1.759637  497252.326296 6587.889257 41.731861 66081.082574 630.832518 -4.816314
5  84 1.759637  508909.021766 6661.090149 41.600002 67185.434692 624.372142 -3.671426
5  85 1.759637  520694.356188 6734.100063 41.491469 68281.443816 621.349885 -1.717546
5  86 1.759637  532608.191924 6807.144514 41.511097 69371.742680 617.881872 -1.970869
5  87 1.759637  544650.395997 6880.003287 41.405576 70453.713701 611.884472 -3.408317
5  88 1.759637  556820.859391 6952.923831 41.440680 71522.110840 602.453822 -5.359430
5  89 1.759637  569119.539618 7025.734312 41.378132 72575.167448 594.448451 -4.549445
5  90 1.759637  581546.371510 7098.580786 41.398586 73615.501730 587.993649 -3.668258
5  91 1.759637  594103.574883 7173.914307 42.811973 74644.186251 581.207355 -3.856645
5  92 1.759637  606791.616393 7247.291179 41.700012 75659.238079 572.498753 -4.949091
5  93 1.759637  619611.576181 7323.852388 43.509667 76657.583903 562.219341 -5.841780
5  94 1.759637  632562.437344 7396.073452 41.043166 77636.087462 549.946070 -6.974889
5  95 1.759637  645649.218772 7478.339118 46.751505 78593.521183 538.271401 -6.634704
5  96 1.759637  658881.632143 7561.598461 47.316211 79531.285295 527.589626 -6.070443
5  97 1.759637  672258.340554 7642.344605 45.887962 80450.370776 517.041303 -5.994603
5  98 1.759637  685785.921425 7733.079832 51.564749 81351.985763 507.732694 -5.290074
5  99 1.759637  699472.561458 7823.130965 51.175979 82239.103319 500.563548 -4.074219
5  100 1.759637  713322.867274 7919.102071 54.540294 83113.803630 493.619274 -3.946425
5  101 1.759637  727337.728269 8010.164090 51.750465 83976.440321 486.852059 -3.845802
5  102 1.759637  741515.134225 8103.850387 53.241839 84826.123159 478.895948 -4.521451
5  103 1.759637  755851.217585 8190.516545 49.252301 85663.958972 473.386751 -3.130872
5  104 1.759637  770342.186192 8279.892685 50.792381 86491.706409 467.429519 -3.385489
5  105 1.759637  784991.219373 8370.172459 51.305916 87310.539168 463.254342 -2.372750
5  106 1.759637  799807.185936 8469.628872 56.520991 88119.753252 456.496951 -3.840219
5  107 1.759637  814798.272276 8569.213286 56.593735 88918.094372 450.896151 -3.182930
5  108 1.759637  829955.267369 8658.200466 50.571335 89706.881314 445.637688 -2.988380
5  109 1.759637  845276.093833 8755.423733 55.251896 90484.988609 438.757684 -3.909901
5  110 1.759637  860773.571560 8858.981978 58.852059 91249.964296 430.712327 -4.572169
5  111 1.759637  876451.053205 8960.015867 57.417470 92002.534280 424.657382 -3.441019
5  112 1.759637  892309.461497 9064.622884 59.448075 92743.723640 417.777131 -3.910041
5  113 1.759637  908353.502328 9171.005481 60.457135 93472.701471 410.777779 -3.977726
6  1 1.759637  269.324798 148.996452 45.982134 205.674032 89.808297 5.903035
6  2 1.759637  602.698056 229.915003 45.985941 372.698107 100.030970 5.809536
6  3 1.759637  1078.282342 310.633253 45.872110 557.452603 109.960662 5.643035
6  4 1.759637  1695.567011 390.971407 45.656102 759.567826 119.763143 5.570741
6  5 1.759637  2454.005769 471.068740 45.519243 978.894783 129.523487 5.546795
6  6 1.759637  3353.142819 550.888838 45.361691 1215.784874 139.725370 5.797721
6  7 1.759637  4392.964241 630.970347 45.510251 1470.768416 150.088472 5.889342
6  8 1.759637  5573.730409 711.086386 45.529874 1743.876190 160.325340 5.817603
6  9 1.759637  6895.424165 791.148394 45.499168 2035.054829 170.627785 5.854870
6  10 1.759637  8358.027335 871.243777 45.518135 2344.083093 180.613191 5.674698
6  11 1.759637  9961.461549 951.216708 45.448546 2670.708332 190.628477 5.691678
6  12 1.759637  11705.501334 1031.055820 45.372497 3014.926690 200.609499 5.672206
6  13 1.759637  13590.022997 1110.888161 45.368649 3377.023314 210.948882 5.875862
6  14 1.759637  15614.743359 1190.405413 45.189584 3757.416219 221.405019 5.942213
6  15 1.759637  17779.372739 1269.908503 45.181535 4156.091800 231.728940 5.867075
6  16 1.759637  20083.776420 1349.272635 45.102566 4573.075687 242.214206 5.958768
6  17 1.759637  22527.754027 1428.547980 45.052108 5008.556812 252.752868 5.989112
6  18 1.759637  25111.213425 1507.807391 45.043053 5462.607726 263.320597 6.005631
6  19 1.759637  27833.985627 1586.890667 44.942955 5935.095284 273.707924 5.903109
6  20 1.759637  30695.806625 1665.850007 44.872523 6425.735170 283.952500 5.821984
6  21 1.759637  33696.599408 1744.845750 44.893211 6934.164007 293.926814 5.668393
6  22 1.759637  36836.097904 1823.502675 44.700661 7460.081347 303.829903 5.627917
6  23 1.759637  40113.939559 1902.086340 44.659027 8003.572869 313.901598 5.723735
6  24 1.759637  43529.983706 1980.583381 44.609799 8564.535408 323.687430 5.561280
6  25 1.759637  47084.088286 2059.005584 44.567268 9142.837561 333.609772 5.638858
6  26 1.759637  50776.242226 2137.490038 44.602646 9738.536886 343.461025 5.598459
6  27 1.759637  54606.395130 2215.854963 44.534717 10351.577849 353.320246 5.602986
6  28 1.759637  58574.351348 2294.117040 44.476269 10981.868492 363.066982 5.539061
6  29 1.759637  62680.094908 2372.463811 44.524401 11629.077173 372.549259 5.388770
6  30 1.759637  66923.602263 2450.699126 44.461060 12293.019374 382.086270 5.419875
6  31 1.759637  71304.640574 2528.781251 44.374003 12973.545819 391.398880 5.292348
6  32 1.759637  75822.974065 2606.748584 44.308766 13670.491527 400.748377 5.313311
6  33 1.759637  80478.312006 2684.500268 44.186213 14383.685970 409.867161 5.182197
6  34 1.759637  85270.364573 2762.138184 44.121559 15112.996866 419.066310 5.227868
6  35 1.759637  90199.211177 2839.980129 44.237509 15858.658695 428.451603 5.333653
6  36 1.759637  95265.219342 2918.035769 44.358951 16620.743912 437.733104 5.274669
6  37 1.759637  100468.504517 2996.008937 44.312082 17399.241004 447.105311 5.326217
6  38 1.759637  105809.031630 3074.024711 44.336295 18194.266888 456.519700 5.350189
6  39 1.759637  111286.880401 3152.088491 44.363577 19006.113744 466.223998 5.514944
6  40 1.759637  116902.111024 3230.172680 44.375176 19835.092851 475.992185 5.551252
6  41 1.759637  122654.658910 3308.163049 44.321858 20680.986595 485.449145 5.374382
6  42 1.759637  128544.494761 3386.213938 44.356251 21543.497747 494.879501 5.359263
6  43 1.759637  134571.804301 3464.415400 44.441822 22422.807655 504.542582 5.491520
6  44 1.759637  140736.710797 3542.606393 44.435872 23319.216912 514.314591 5.553424
6  45 1.759637  147038.901312 3620.452174 44.239688 24232.936653 524.217646 5.627898
6  46 1.759637  153480.089283 3700.590656 45.542628 25162.605222 532.442001 4.673893
6  47 1.759637  160062.578636 3781.055072 45.727857 26106.102461 539.935288 4.258428
6  48 1.759637  166787.463593 3862.437248 46.249418 27064.596162 549.486953 5.428203
6  49 1.759637  173656.703500 3945.128653 46.993452 28039.247369 558.299881 5.008379
6  50 1.759637  180671.582639 4027.970540 47.078971 29029.005568 566.657533 4.749646
6  51 1.759637  187833.560460 4112.320754 47.936152 30032.854503 574.315387 4.351951
6  52 1.759637  195143.468356 4196.107601 47.615991 31051.810610 583.828318 5.406191
6  53 1.759637  202601.959007 4281.199650 48.357736 32086.955227 592.715219 5.050418
6  54 1.759637  210207.877569 4363.673904 46.870045 33135.118778 598.625614 3.358872
6  55 1.759637  217958.327262 4445.473477 46.486625 34195.137443 606.189722 4.298676
6  56 1.759637  225852.907620 4527.492563 46.611374 35269.145764 614.526232 4.737631
6  57 1.759637  233893.752309 4611.717255 47.864818 36356.794537 621.693435 4.073115
6  58 1.759637  242083.092465 4696.272248 48.052527 37456.788412 628.557653 3.900929
6  59 1.759637  250419.311583 4778.659623 46.820672 38565.778168 631.918138 1.909761
6  60 1.759637  258899.363468 4859.752316 46.084905 39683.485776 638.466348 3.721342
6  61 1.759637  267519.259210 4937.605902 44.244124 40812.449361 644.711661 3.549206
6  62 1.759637  276277.716254 5017.240848 45.256469 41952.314343 650.856856 3.492309
6  63 1.759637  285176.268616 5096.837990 45.234985 43102.240233 656.146872 3.006311
6  64 1.759637  294215.652524 5177.309735 45.732022 44259.864815 659.607176 1.966487
6  65 1.759637  303396.286913 5257.383035 45.505585 45420.669935 659.761866 0.087911
6  66 1.759637  312719.336565 5339.178671 46.484387 46582.514086 660.788136 0.583228
6  67 1.759637  322187.810607 5422.672139 47.449264 47745.418947 660.967467 0.101914
6  68 1.759637  331801.317328 5504.022557 46.231370 48909.679673 662.329209 0.773877
6  69 1.759637  341558.121548 5585.543823 46.328463 50078.979486 666.694885 2.481010
6  70 1.759637  351458.529488 5667.242290 46.429166 51254.454798 669.348271 1.507917
6  71 1.759637  361502.440893 5748.649608 46.263707 52434.540910 671.935511 1.470326
6  72 1.759637  371689.658550 5830.123921 46.301780 53619.683866 675.095872 1.796031
6  73 1.759637  382020.040897 5911.370341 46.172269 54811.892037 679.965822 2.767588
6  74 1.759637  392493.220571 5992.427110 46.064490 56012.311395 684.428691 2.536245
6  75 1.759637  403109.189670 6073.664548 46.167164 57220.969413 689.329869 2.785335
6  76 1.759637  413868.188652 6154.994621 46.219809 58442.033399 698.529293 5.228024
6  77 1.759637  424770.291093 6236.315686 46.214689 59680.975087 709.649634 6.319680
6  78 1.759637  435815.475158 6317.620941 46.205704 60940.985965 722.476496 7.289494
6  79 1.759637  447003.887072 6399.108205 46.309140 62224.407231 736.257840 7.831926
6  80 1.759637  458335.929369 6480.870979 46.465712 63535.738430 754.198876 10.195875
6  81 1.759637  469811.848836 6562.638743 46.468548 64876.537003 769.750406 8.837920
6  82 1.759637  481431.510207 6644.247772 46.378339 66244.264779 784.806559 8.556399
6  83 1.759637  493194.883433 6725.981383 46.449139 67637.999311 799.309640 8.242088
6  84 1.759637  505102.336960 6808.009187 46.616328 69055.189517 811.466236 6.908583
6  85 1.759637  517154.176763 6890.090568 46.646777 70493.755570 823.605390 6.898671
6  86 1.759637  529350.675557 6972.428338 46.792482 71952.065654 833.907266 5.854547
6  87 1.759637  541691.798949 7054.470631 46.624562 73427.632385 843.219265 5.292001
6  88 1.759637  554177.454385 7136.703204 46.732699 74919.107932 851.989197 4.983945
6  89 1.759637  566807.768855 7218.889830 46.706587 76427.048047 861.932864 5.650977
6  90 1.759637  579582.730675 7301.109127 46.725153 77952.369321 871.744591 5.575995
6  91 1.759637  592489.577385 7368.789962 38.462959 79492.176547 878.397572 3.780884
6  92 1.759637  605522.837315 7444.790169 43.190850 81042.884797 884.134676 3.260391
6  93 1.759637  618695.455227 7527.183998 46.824340 82602.283289 888.274886 2.352878
6  94 1.759637  632012.297238 7608.715024 46.334010 84169.019969 892.475247 2.387062
6  95 1.759637  645477.397959 7695.694585 49.430407 85741.775637 895.116058 1.500770
6  96 1.759637  659089.105713 7775.348318 45.267146 87318.233254 896.682875 0.890421
6  97 1.759637  672849.246456 7864.403257 50.609843 88895.948879 896.545907 -0.077839
6  98 1.759637  686755.439429 7941.351023 43.729347 90472.535291 895.399414 -0.651551
6  99 1.759637  700800.695306 8022.461906 46.095243 92048.225448 895.527224 0.072634
6  100 1.759637  714987.868424 8102.653909 45.573044 93622.588907 893.891493 -0.929585
6  101 1.759637  729316.444670 8183.180450 45.763162 95194.153015 892.345486 -0.878594
6  102 1.759637  743780.825559 8257.009225 41.956827 96763.404395 891.262849 -0.615262
6  103 1.759637  758380.516951 8336.974129 45.443984 98331.333160 890.842206 -0.239051
6  104 1.759637  773121.947134 8418.109283 46.109036 99897.831816 889.637388 -0.684697
6  105 1.759637  788006.770720 8499.954817 46.512744 101463.822250 890.264563 0.356423
6  106 1.759637  803031.268033 8576.862193 43.706393 103031.011421 890.999870 0.417874
6  107 1.759637  818192.516775 8655.386250 44.625152 104599.401712 891.629754 0.357962
6  108 1.759637  833493.385288 8735.553777 45.559135 106169.594439 893.048516 0.806282
6  109 1.759637  848930.756534 8810.535014 42.611770 107742.284116 894.467782 0.806567
6  110 1.759637  864504.785273 8890.878441 45.659098 109317.783139 896.241616 1.008068
6  111 1.759637  880224.653401 8976.295805 48.542613 110895.882108 897.422875 0.671309
6  112 1.759637  896092.430142 9058.991108 46.995667 112474.157836 896.442519 -0.557135
6  113 1.759637  912096.995386 9131.769376 41.359825 114051.090324 895.896151 -0.310501
7  1 1.759637  269.740419 149.468846 46.250595 205.568621 89.688487 5.834947
7  2 1.759637  604.317851 230.811271 46.226828 372.423973 99.959010 5.836729
7  3 1.759637  1082.106416 312.242364 46.277218 557.434470 110.323593 5.890183
7  4 1.759637  1703.227189 393.722405 46.305035 760.822598 120.846992 5.980438
7  5 1.759637  2467.773822 475.259943 46.337711 982.692344 131.329769 5.957353
7  6 1.759637  3375.957257 556.979739 46.441287 1223.011664 141.816744 5.959739
7  7 1.759637  4428.074096 638.854396 46.529295 1481.858218 152.387790 6.007516
7  8 1.759637  5624.236903 720.702131 46.513995 1759.257621 162.903880 5.976285
7  9 1.759637  6964.325890 802.440636 46.451920 2055.172764 173.432748 5.983547
7  10 1.759637  8448.018782 883.922074 46.305829 2369.628315 183.976873 5.992217
7  11 1.759637  10075.239545 965.574161 46.402809 2702.622748 194.504009 5.982562
7  12 1.759637  11846.425143 1047.552250 46.588075 3054.182875 205.078608 6.009535
7  13 1.759637  13761.751590 1129.404394 46.516501 3424.306730 215.603511 5.981293
7  14 1.759637  15821.186997 1211.346238 46.567477 3812.800029 225.957284 5.884040
7  15 1.759637  18024.709173 1293.173161 46.502168 4219.805881 236.644846 6.073732
7  16 1.759637  20371.964509 1374.713092 46.339071 4645.666192 247.387228 6.104886
7  17 1.759637  22862.642703 1456.187327 46.301735 5090.421955 258.121383 6.100211
7  18 1.759637  25496.812455 1537.805343 46.383446 5554.150648 268.951826 6.154931
7  19 1.759637  28274.699851 1619.536546 46.447770 6036.916754 279.759274 6.141863
7  20 1.759637  31196.425672 1701.291843 46.461463 6538.760308 290.635219 6.180790
7  21 1.759637  34261.910196 1782.932431 46.396274 7059.662827 301.421660 6.129925
7  22 1.759637  37471.021281 1864.537539 46.376110 7599.527104 312.187120 6.118002
7  23 1.759637  40823.921745 1946.363185 46.501442 8158.238717 322.843509 6.056016
7  24 1.759637  44320.766604 2028.144482 46.476239 8735.746604 333.550932 6.085019
7  25 1.759637  47961.484976 2109.889565 46.455658 9331.990766 344.139126 6.017262
7  26 1.759637  51745.864616 2191.429624 46.339143 9946.843478 354.701376 6.002517
7  27 1.759637  55673.490381 2272.702857 46.187506 10580.187517 365.156336 5.941544
7  28 1.759637  59744.090264 2353.933754 46.163447 11231.921513 375.603368 5.937039
7  29 1.759637  63957.838288 2435.404780 46.299912 11902.002200 386.009153 5.913598
7  30 1.759637  68314.935335 2516.863998 46.293202 12590.565084 396.610199 6.024565
7  31 1.759637  72815.196868 2598.125283 46.180716 13297.992556 407.450611 6.160596
7  32 1.759637  77458.184381 2679.086093 46.009957 14024.500444 418.296967 6.163974
7  33 1.759637  82243.789110 2760.223759 46.110464 14769.920528 428.946180 6.051938
7  34 1.759637  87172.006873 2841.179813 46.007254 15534.026097 439.534855 6.017535
7  35 1.759637  92242.496042 2921.929188 45.889798 16317.039337 450.436606 6.195455
7  36 1.759637  97455.255609 3002.884094 46.006601 17118.896258 460.952549 5.976201
7  37 1.759637  102810.291813 3083.640562 45.893829 17939.291254 471.506949 5.998056
7  38 1.759637  108307.514489 3164.492986 45.948361 18778.414990 482.239603 6.099358
7  39 1.759637  113946.932318 3245.259322 45.899437 19636.523108 493.084563 6.163181
7  40 1.759637  119728.522781 3326.086149 45.933814 20513.524464 503.713624 6.040486
7  41 1.759637  125652.027912 3406.559282 45.732810 21409.158890 514.262877 5.995131
7  42 1.759637  131717.396872 3487.328325 45.900975 22323.096393 524.516869 5.827335
7  43 1.759637  137924.790189 3567.983915 45.836500 23254.914243 534.585647 5.722078
7  44 1.759637  144274.268947 3648.822385 45.940431 24204.338642 544.528442 5.650481
7  45 1.759637  150766.194924 3729.889171 46.070182 25171.332640 554.555222 5.698210
7  46 1.759637  157399.107585 3809.067602 44.997032 26153.684594 561.984267 4.221920
7  47 1.759637  164173.180958 3890.332184 46.182590 27148.727070 568.979246 3.975240
7  48 1.759637  171088.881647 3970.040959 45.298426 28155.480621 575.295056 3.589269
7  49 1.759637  178144.178405 4048.996829 44.870551 29174.389611 582.795096 4.262266
7  50 1.759637  185340.069389 4129.840106 45.943163 30207.213277 591.110452 4.725610
7  51 1.759637  192677.983785 4210.420388 45.793703 31254.651091 599.405510 4.714074
7  52 1.759637  200155.628360 4288.657180 44.461899 32317.023694 608.085308 4.932721
7  53 1.759637  207773.628039 4369.947750 46.197359 33394.891591 617.017433 5.076119
7  54 1.759637  215535.583999 4452.277633 46.788000 34487.708667 625.076518 4.579971
7  55 1.759637  223442.581997 4534.802274 46.898680 35594.465681 632.861543 4.424223
7  56 1.759637  231494.296951 4616.762670 46.578021 36717.151027 643.180631 5.864329
7  57 1.759637  239690.560071 4699.095461 46.789652 37859.201010 654.871355 6.643828
7  58 1.759637  248031.189581 4780.849254 46.460608 39021.414002 666.097871 6.380019
7  59 1.759637  256514.338496 4861.082764 45.596632 40201.006301 674.624646 4.845759
7  60 1.759637  265139.643629 4942.423759 46.226016 41395.611772 683.161814 4.851665
7  61 1.759637  273910.099686 5026.061047 47.530997 42604.352873 690.691179 4.278932
7  62 1.759637  282826.945003 5108.809531 47.025890 43824.975412 696.666236 3.395619
7  63 1.759637  291889.848579 5192.070607 47.317195 45058.085561 704.884573 4.670474
7  64 1.759637  301100.216721 5276.417495 47.934262 46304.516763 711.806921 3.933964
7  65 1.759637  310456.031592 5357.385101 46.013819 47564.105871 719.839827 4.565093
7  66 1.759637  319953.501908 5437.422823 45.485366 48837.487566 727.483550 4.343921
7  67 1.759637  329591.486888 5517.093819 45.276957 50126.711841 737.846476 5.889242
7  68 1.759637  339369.574821 5596.663591 45.219431 51435.707176 749.955301 6.881434
7  69 1.759637  349287.712462 5676.274070 45.242565 52767.413717 763.659994 7.788365
7  70 1.759637  359346.037798 5756.000675 45.308559 54125.512005 779.952112 9.258796
7  71 1.759637  369544.567067 5835.629613 45.253054 55512.746522 796.776181 9.561103
7  72 1.759637  379883.407308 5915.477876 45.377697 56927.540437 811.276075 8.240277
7  73 1.759637  390362.655682 5995.217248 45.315814 58368.789278 826.844802 8.847694
7  74 1.759637  400982.016201 6074.729092 45.186511 59839.393065 844.640855 10.113481
7  75 1.759637  411741.626044 6154.624381 45.404422 61341.788022 862.978589 10.421318
7  76 1.759637  422641.690176 6234.369188 45.318903 62876.075797 880.890176 10.179139
7  77 1.759637  433682.079746 6314.118025 45.321193 64441.923522 898.849573 10.206310
7  78 1.759637  444862.662522 6393.712537 45.233491 66040.963809 918.616783 11.233688
7  79 1.759637  456183.351859 6473.362894 45.265227 67672.475322 935.756310 9.740378
7  80 1.759637  467644.018615 6552.810624 45.150075 69333.694402 952.382350 9.448564
7  81 1.759637  479244.564857 6632.349669 45.201969 71025.705632 970.754615 10.440942
7  82 1.759637  490985.229814 6712.069307 45.304600 72749.529274 988.540281 10.107578
7  83 1.759637  502866.334274 6791.972958 45.409174 74505.924565 1007.775492 10.931354
7  84 1.759637  514888.224795 6872.086495 45.528452 76296.184459 1027.030730 10.942735
7  85 1.759637  527050.998534 6952.100575 45.471931 78121.439594 1047.551020 11.661662
7  86 1.759637  539354.392668 7031.915386 45.358686 79982.295791 1067.494835 11.334052
7  87 1.759637  551798.420638 7111.944744 45.480614 81879.801491 1089.206779 12.338879
7  88 1.759637  564382.983605 7191.647214 45.294843 83813.964421 1109.159378 11.339044
7  89 1.759637  577107.883263 7271.451180 45.352523 85785.482025 1131.664036 12.789377
7  90 1.759637  589972.924621 7350.932021 45.168891 87798.935654 1156.823790 14.298266
7  91 1.759637  602980.067312 7432.963303 46.618305 89857.255373 1182.658753 14.681987
7  92 1.759637  616124.162185 7506.591628 41.842912 91960.830208 1208.260675 14.549549
7  93 1.759637  629399.222959 7581.818914 42.751600 94109.270583 1233.652847 14.430349
7  94 1.759637  642809.073949 7659.793948 44.313142 96300.998481 1257.461196 13.530264
7  95 1.759637  656355.839761 7737.436059 44.123943 98534.840752 1281.519969 13.672579
7  96 1.759637  670045.986309 7822.760238 48.489656 100812.529071 1307.296537 14.648801
7  97 1.759637  683894.568363 7917.513573 53.848236 103136.570115 1334.204393 15.291711
7  98 1.759637  697909.307212 8011.613758 53.477051 105506.752034 1359.740174 14.511962
7  99 1.759637  712088.419888 8104.340573 52.696567 107923.478908 1387.107306 15.552717
7  100 1.759637  726428.751747 8194.855196 51.439380 110390.182396 1416.543504 16.728565
7  101 1.759637  740929.980059 8287.215197 52.488107 112906.438504 1443.428727 15.278848
7  102 1.759637  755597.372411 8383.716948 54.841860 115468.586220 1468.703825 14.363816
7  103 1.759637  770440.001136 8486.388547 58.348179 118075.335482 1494.122764 14.445560
7  104 1.759637  785461.836083 8587.402423 57.406096 120728.227963 1521.150127 15.359626
7  105 1.759637  800659.071131 8685.747991 55.889699 123430.335293 1550.060274 16.429611
7  106 1.759637  816032.727242 8787.922290 58.065564 126182.645444 1578.210565 15.997786
7  107 1.759637  831577.255417 8879.960877 52.305447 128984.869726 1606.792587 16.243138
7  108 1.759637  847285.031911 8973.470039 53.141174 131837.046517 1634.986497 16.022575
7  109 1.759637  863152.103200 9061.015059 49.751757 134739.151100 1663.540427 16.227173
7  110 1.759637  879175.541394 9151.196385 51.249968 137692.259292 1692.957110 16.717475
7  111 1.759637  895363.194042 9247.660917 54.820708 140696.784490 1721.980903 16.494196
7  112 1.759637  911719.713363 9343.129946 54.254964 143755.056564 1754.045715 18.222404
7  113 1.759637  928244.725078 9439.169074 54.578952 146869.976788 1786.367089 18.368208
8  1 1.759637  269.543118 149.244594 46.123153 205.825636 89.980609 6.000960
8  2 1.759637  603.577105 230.417843 46.130685 373.436928 100.526088 5.992986
8  3 1.759637  1080.356912 311.489240 46.072803 559.645329 111.118050 6.019403
8  4 1.759637  1699.608312 392.350804 45.953555 764.324335 121.519746 5.911274
8  5 1.759637  2461.090210 473.148170 45.917072 986.799391 131.345009 5.583688
8  6 1.759637  3364.701816 553.895180 45.888454 1226.942176 141.600856 5.828389
8  7 1.759637  4410.590130 634.859624 46.012022 1484.928387 151.625814 5.697175
8  8 1.759637  5598.844427 715.708103 45.946119 1760.491479 161.578707 5.656220
8  9 1.759637  6929.152063 796.317197 45.810077 2053.900665 171.909654 5.871068
8  10 1.759637  8401.344581 876.974209 45.837308 2365.492981 182.245621 5.873921
8  11 1.759637  10015.451385 957.616722 45.829069 2695.112670 192.399533 5.770460
8  12 1.759637  11771.506661 1038.312592 45.859391 3042.685634 202.651282 5.826060
8  13 1.759637  13669.372361 1118.798198 45.739899 3408.345048 212.956559 5.856480
8  14 1.759637  15708.663302 1199.056270 45.610591 3792.198059 223.330093 5.895270
8  15 1.759637  17889.205628 1279.344273 45.627601 4194.306197 233.705304 5.896223
8  16 1.759637  20211.256160 1359.894245 45.776478 4614.716062 244.131804 5.925371
8  17 1.759637  22674.995657 1440.387699 45.744358 5053.598910 254.701663 6.006841
8  18 1.759637  25280.569993 1521.103473 45.870703 5511.098537 265.291602 6.018253
8  19 1.759637  28028.178193 1601.823136 45.872913 5987.456233 276.135711 6.162698
8  20 1.759637  30917.659002 1682.355628 45.766544 6483.118475 287.233113 6.306644
8  21 1.759637  33948.739344 1762.764916 45.696527 6998.424604 298.462919 6.381889
8  22 1.759637  37121.428813 1843.308310 45.772740 7533.538760 309.746882 6.412666
8  23 1.759637  40436.040436 1924.073384 45.898720 8088.824089 321.389438 6.616454
8  24 1.759637  43892.979591 2005.077531 46.034585 8664.750597 333.207610 6.716257
8  25 1.759637  47492.326451 2085.933730 45.950506 9261.124345 344.629735 6.491183
8  26 1.759637  51233.912498 2166.746338 45.925734 9877.758731 356.235815 6.595725
8  27 1.759637  55117.320573 2247.128394 45.681051 10514.777802 367.798931 6.571308
8  28 1.759637  59142.264588 2327.615838 45.740943 11172.048157 379.253390 6.509559
8  29 1.759637  63308.764926 2408.021059 45.694216 11849.368980 390.588256 6.441594
8  30 1.759637  67616.987829 2488.697455 45.848324 12546.580160 401.860735 6.406140
8  31 1.759637  72066.994854 2569.172641 45.733977 13263.499548 412.988570 6.323939
8  32 1.759637  76658.366593 2649.372339 45.577417 13999.811929 423.902776 6.202534
8  33 1.759637  81390.836357 2729.544405 45.561714 14755.255599 434.733159 6.154897
8  34 1.759637  86264.314676 2809.642412 45.519626 15529.948015 445.780868 6.278403
8  35 1.759637  91278.595396 2889.580164 45.428554 16323.847557 456.563944 6.128013
8  36 1.759637  96433.851409 2969.874682 45.631303 17136.622507 467.234623 6.064137
8  37 1.759637  101730.436147 3050.214142 45.656844 17968.204664 477.940182 6.083960
8  38 1.759637  107168.452419 3130.625511 45.697710 18818.595631 488.612684 6.065173
8  39 1.759637  112747.986563 3211.063106 45.712614 19687.656745 499.160638 5.994393
8  40 1.759637  118469.141369 3291.591304 45.764104 20575.280308 509.710730 5.995608
8  41 1.759637  124331.906454 3372.017098 45.705907 21481.808852 520.648007 6.215645
8  42 1.759637  130336.173437 3452.422110 45.694097 22407.754889 531.780617 6.326652
8  43 1.759637  136481.626083 3532.488473 45.501643 23353.055073 542.645897 6.174729
8  44 1.759637  142767.990018 3612.581631 45.516870 24317.787918 553.867745 6.377366
8  45 1.759637  149195.453650 3692.862139 45.623342 25302.149965 564.956412 6.301680
8  46 1.759637  155764.162691 3773.120911 45.610989 26303.982347 573.724497 4.982895
8  47 1.759637  162473.810178 3853.052528 45.425067 27319.676753 580.711964 3.970971
8  48 1.759637  169323.528950 3932.325685 45.050864 28346.039967 585.850646 2.920308
8  49 1.759637  176314.820294 4013.963663 46.394791 29381.425841 590.967102 2.907678
8  50 1.759637  183450.820665 4096.801709 47.076788 30424.777476 594.904516 2.237629
8  51 1.759637  190733.175074 4180.309402 47.457348 31473.457073 597.022855 1.203850
8  52 1.759637  198161.092928 4262.248862 46.566123 32526.997575 600.429411 1.935943
8  53 1.759637  205732.606066 4343.519547 46.186058 33589.955802 607.727024 4.147227
8  54 1.759637  213447.480086 4425.192588 46.414716 34665.821985 615.100572 4.190381
8  55 1.759637  221306.578513 4507.444751 46.743832 35758.487097 626.820657 6.660514
8  56 1.759637  229313.866026 4593.624041 48.975614 36871.511163 638.240523 6.489899
8  57 1.759637  237476.764176 4684.311525 51.537617 38002.716401 647.485345 5.253824
8  58 1.759637  245800.338234 4776.247993 52.247413 39151.590711 658.323160 6.159121
8  59 1.759637  254287.192282 4869.895274 53.219667 40317.006698 666.286585 4.525607
8  60 1.759637  262936.699201 4961.118957 51.842338 41496.170113 673.948462 4.354238
8  61 1.759637  271748.130365 5053.938083 52.749027 42689.044236 681.870152 4.501890
8  62 1.759637  280724.109169 5148.143513 53.536863 43895.413058 689.286512 4.214711
8  63 1.759637  289867.361300 5244.060649 54.509624 45115.942533 697.965126 4.932048
8  64 1.759637  299177.032675 5337.295331 52.985187 46352.190288 707.151881 5.220825
8  65 1.759637  308647.521840 5426.845865 50.891489 47602.602678 714.064625 3.928506
8  66 1.759637  318273.246749 5513.736003 49.379588 48865.211275 721.014069 3.949363
8  67 1.759637  328050.337527 5598.888043 48.391829 50142.259105 730.476230 5.377338
8  68 1.759637  337977.240098 5684.011822 48.375768 51436.236518 740.256203 5.557950
8  69 1.759637  348054.034724 5769.255085 48.443671 52745.954355 748.366769 4.609227
8  70 1.759637  358280.721715 5854.379219 48.375970 54069.248111 755.686568 4.159836
8  71 1.759637  368657.134938 5939.433656 48.336361 55403.202666 760.483814 2.726270
8  72 1.759637  379183.481459 6024.793139 48.509719 56745.868448 765.587734 2.900553
8  73 1.759637  389859.790659 6109.880970 48.355339 58095.670400 768.594772 1.708897
8  74 1.759637  400685.836996 6194.984104 48.364035 59450.655565 771.478964 1.639084
8  75 1.759637  411661.517567 6279.954975 48.288871 60811.738806 775.525834 2.299832
8  76 1.759637  422786.688801 6364.894927 48.271299 62177.180538 776.432818 0.515438
8  77 1.759637  434061.439174 6449.966359 48.346020 63541.716049 774.495825 -1.100791
8  78 1.759637  445485.831283 6534.977459 48.311732 64900.554627 769.957693 -2.579017
8  79 1.759637  457059.835764 6620.015515 48.327052 66250.863047 764.800464 -2.930848
8  80 1.759637  468783.420426 6704.990028 48.290940 67591.949639 759.476179 -3.025787
8  81 1.759637  480656.361888 6789.774189 48.182763 68922.913231 753.294680 -3.512940
8  82 1.759637  492678.417131 6874.472487 48.133968 70243.121174 747.251328 -3.434432
8  83 1.759637  504849.878603 6959.589044 48.371664 71550.703832 738.944803 -4.720591
8  84 1.759637  517170.763893 7044.307334 48.145329 72842.725543 729.564783 -5.330657
8  85 1.759637  529640.613531 7128.901658 48.074879 74116.439871 718.136663 -6.494591
8  86 1.759637  542259.412328 7213.602684 48.135518 75371.072696 707.876781 -5.830682
8  87 1.759637  555027.325278 7298.384540 48.181454 76608.322681 698.379359 -5.397377
8  88 1.759637  567944.369900 7383.105478 48.146834 77827.813735 687.692012 -6.073610
8  89 1.759637  581010.214963 7467.510857 47.967502 79030.438444 679.209101 -4.820831
8  90 1.759637  594224.572991 7551.905052 47.961146 80218.610702 671.265381 -4.514409
8  91 1.759637  607592.173442 7641.685922 51.022389 81392.058900 662.473760 -4.996270
8  92 1.759637  621124.957839 7739.652833 55.674509 82548.434756 651.860988 -6.031229
8  93 1.759637  634836.840890 7845.249134 60.010284 83686.970428 642.196638 -5.492242
8  94 1.759637  648735.728720 7952.202133 60.781294 84807.688954 631.610052 -6.016347
8  95 1.759637  662818.793901 8054.584786 58.183971 85905.809773 616.512125 -8.580139
8  96 1.759637  677083.443131 8158.590241 59.106208 86976.409761 600.329924 -9.196331
8  97 1.759637  691533.639130 8265.476915 60.743602 88017.363736 582.816519 -9.952852
8  98 1.759637  706168.081236 8368.004039 58.266074 89029.719843 567.825637 -8.519305
8  99 1.759637  720973.044556 8459.291025 51.878313 90014.449215 551.416021 -9.325570
8  100 1.759637  735942.018323 8554.418022 54.060588 90970.904396 535.689242 -8.937515
8  101 1.759637  751083.760900 8655.659747 57.535583 91899.879945 520.182720 -8.812343
8  102 1.759637  766402.688750 8755.806491 56.913306 92800.703100 503.691282 -9.372070
8  103 1.759637  781903.932904 8862.880134 60.849857 93672.267062 486.926773 -9.527256
8  104 1.759637  797595.496962 8972.123757 62.083054 94514.469324 470.318825 -9.438282
8  105 1.759637  813477.363379 9079.177457 60.838523 95326.548854 452.689329 -10.018827
8  106 1.759637  829544.943980 9183.206169 59.119425 96109.742839 437.487566 -8.639148
8  107 1.759637  845795.869914 9287.567438 59.308416 96865.451284 421.449314 -9.114524
8  108 1.759637  862231.126607 9392.716184 59.755939 97592.470682 404.879645 -9.416528
8  109 1.759637  878852.899989 9499.561974 60.720368 98289.162156 386.978649 -10.173120
8  110 1.759637  895655.897141 9598.694801 56.337098 98953.468591 368.070868 -10.745275
8  111 1.759637  912630.332050 9694.417825 54.399310 99585.417801 350.201484 -10.155155
8  112 1.759637  929768.809051 9785.144750 51.560031 100188.084304 334.788195 -8.759358
8  113 1.759637  947066.336490 9875.194272 51.175063 100761.888598 317.396748 -9.883544
9  1 1.759637  269.461442 149.151762 46.070396 205.925892 90.094561 6.065718
9  2 1.759637  603.627264 230.660519 46.321355 374.061875 101.008500 6.202382
9  3 1.759637  1081.055511 311.983581 46.215824 561.146247 111.631266 6.036909
9  4 1.759637  1701.666764 393.402069 46.270055 766.765745 122.075491 5.935444
9  5 1.759637  2465.660701 474.952086 46.344802 990.799047 132.560363 5.958543
9  6 1.759637  3373.143439 556.491186 46.338598 1233.208725 142.962046 5.911267
9  7 1.759637  4424.104462 638.029249 46.338009 1493.784521 153.207943 5.822734
9  8 1.759637  5618.695028 719.740271 46.436301 1772.326541 163.382423 5.782148
9  9 1.759637  6956.948401 801.316140 46.359495 2068.751571 173.533742 5.768986
9  10 1.759637  8438.986927 883.166222 46.515329 2382.969659 183.605980 5.724044
9  11 1.759637  10064.857481 964.795366 46.389770 2714.913852 193.681201 5.725739
9  12 1.759637  11834.367086 1046.426115 46.390682 3064.283068 203.411231 5.529567
9  13 1.759637  13747.305066 1127.815801 46.253687 3430.684586 213.040086 5.472070
9  14 1.759637  15803.372954 1209.107315 46.197895 3814.199823 222.862652 5.582156
9  15 1.759637  18002.539559 1290.461549 46.233539 4214.765626 232.419729 5.431278
9  16 1.759637  20344.729529 1371.667419 46.149224 4632.132900 241.959175 5.421259
9  17 1.759637  22829.812107 1452.873034 46.149079 5066.607134 251.863468 5.628601
9  18 1.759637  25458.100071 1534.434406 46.351255 5518.459540 261.711175 5.596443
9  19 1.759637  28229.796247 1615.870553 46.280090 5987.514579 271.415951 5.515216
9  20 1.759637  31144.996610 1697.541012 46.413249 6473.618437 281.088833 5.497090
9  21 1.759637  34203.469744 1778.714130 46.130611 6977.005134 291.059594 5.666375
9  22 1.759637  37404.928045 1860.057699 46.227478 7498.017645 301.122303 5.718629
9  23 1.759637  40749.491942 1941.367697 46.208400 8036.832905 311.294166 5.780661
9  24 1.759637  44237.142348 2022.689572 46.215149 8593.564923 321.486458 5.792271
9  25 1.759637  47867.882263 2104.002978 46.210337 9168.159589 331.596821 5.745710
9  26 1.759637  51641.659763 2185.265838 46.181611 9760.867233 342.073636 5.953965
9  27 1.759637  55558.237089 2266.309007 46.056761 10371.893995 352.418297 5.878862
9  28 1.759637  59617.214544 2347.117572 45.923435 11001.222483 362.875347 5.942732
9  29 1.759637  63818.746080 2428.335724 46.156204 11648.980048 373.364754 5.961121
9  30 1.759637  68163.224547 2509.590799 46.177187 12315.253874 383.920895 5.999046
9  31 1.759637  72650.804196 2590.984274 46.255840 12999.968241 394.324241 5.912212
9  32 1.759637  77281.514959 2672.273370 46.196521 13703.120344 404.877192 5.997233
9  33 1.759637  82055.302415 2753.604990 46.220688 14424.685923 415.252965 5.896543
9  34 1.759637  86972.348597 2835.100984 46.314101 15164.557618 425.683891 5.927886
9  35 1.759637  92032.692168 2916.476547 46.245661 15922.903458 436.250646 6.005077
9  36 1.759637  97236.442944 2998.097359 46.385035 16699.585581 446.524879 5.838837
9  37 1.759637  102584.036517 3079.968015 46.527021 17494.248740 456.687858 5.775612
9  38 1.759637  108075.935875 3162.115059 46.684092 18306.504457 466.520549 5.587910
9  39 1.759637  113712.321365 3244.190698 46.643513 19136.239857 476.555236 5.702704
9  40 1.759637  119492.931856 3326.040938 46.515419 19983.545567 486.490932 5.646447
9  41 1.759637  125417.623143 3407.952675 46.550367 20848.532071 496.651194 5.774068
9  42 1.759637  131486.473462 3489.891838 46.565954 21731.380685 506.792975 5.763565
9  43 1.759637  137699.351820 3571.654690 46.465756 22631.843082 516.670989 5.613666
9  44 1.759637  144055.931144 3653.222101 46.354687 23549.887519 526.776690 5.743061
9  45 1.759637  150556.021972 3734.769611 46.343378 24485.911802 537.106850 5.870621
9  46 1.759637  157197.319163 3813.717003 44.865733 25439.343642 546.562090 5.373404
9  47 1.759637  163977.677389 3892.826138 44.957651 26411.257440 558.113409 6.564604
9  48 1.759637  170900.978227 3976.185321 47.372950 27405.540761 571.987252 7.884493
9  49 1.759637  177969.828610 4058.257493 46.641543 28423.935814 585.518759 7.689943
9  50 1.759637  185183.207780 4140.456484 46.713614 29465.017393 597.772718 6.963914
9  51 1.759637  192542.894054 4224.549888 47.790207 30527.622755 609.982653 6.938895
9  52 1.759637  200048.941735 4306.810600 46.748690 31611.564779 622.023931 6.843048
9  53 1.759637  207698.763363 4387.963101 46.118894 32714.783682 631.892718 5.608423
9  54 1.759637  215488.821683 4466.203376 44.463879 33834.324753 640.575678 4.934519
9  55 1.759637  223415.505816 4543.251757 43.786527 34967.876210 647.816898 4.115179
9  56 1.759637  231478.425254 4621.048183 44.211640 36116.204058 657.370499 5.429303
9  57 1.759637  239679.201260 4699.939286 44.833744 37281.717971 667.350548 5.671653
9  58 1.759637  248021.084171 4781.430042 46.311124 38465.926878 678.619197 6.403964
9  59 1.759637  256507.432953 4864.138940 47.003394 39669.651432 689.531997 6.201734
9  60 1.759637  265138.565326 4945.990813 46.516347 40891.686289 699.430655 5.625399
9  61 1.759637  273913.403491 5027.474690 46.307215 42130.778199 708.919013 5.392225
9  62 1.759637  282832.586150 5110.052509 46.928901 43386.760724 718.628498 5.517891
9  63 1.759637  291896.156518 5191.585504 46.335129 44658.591440 726.932040 4.718896
9  64 1.759637  301101.114363 5270.753264 44.990968 45947.055610 737.534051 6.025114
9  65 1.759637  310447.951800 5352.845596 46.653000 47255.223525 749.327282 6.702082
9  66 1.759637  319943.542218 5439.825638 49.430680 48580.874926 757.405751 4.590987
9  67 1.759637  329591.515857 5526.044096 48.997874 49922.232824 767.179258 5.554276
9  68 1.759637  339393.143932 5614.468998 50.251793 51279.367736 775.337877 4.636536
9  69 1.759637  349350.384241 5702.912685 50.262469 52650.351151 782.919442 4.308597
9  70 1.759637  359463.710303 5791.875788 50.557652 54033.934309 789.658722 3.829927
9  71 1.759637  369733.600029 5880.862668 50.571165 55431.084127 798.339285 4.933156
9  72 1.759637  380159.969052 5969.729880 50.503157 56846.545061 810.471104 6.894502
9  73 1.759637  390742.834906 6058.736689 50.582491 58283.959458 823.291552 7.285849
9  74 1.759637  401482.329041 6147.753306 50.588065 59746.079486 838.551480 8.672204
9  75 1.759637  412378.312752 6236.602464 50.492898 61234.896794 853.635633 8.572311
9  76 1.759637  423430.813693 6325.650512 50.605927 62750.576227 869.082923 8.778682
9  77 1.759637  434640.086417 6414.788995 50.657321 64291.359276 882.168360 7.436442
9  78 1.759637  446006.254315 6503.977288 50.685628 65856.867544 897.185562 8.534263
9  79 1.759637  457529.195025 6592.976696 50.578285 67448.115531 911.424079 8.091736
9  80 1.759637  469208.742999 6681.976826 50.578695 69064.403379 925.645824 8.082205
9  81 1.759637  481045.081731 6771.184794 50.696809 70706.785011 941.082227 8.772494
9  82 1.759637  493038.555278 6860.575977 50.800930 72378.831835 959.363230 10.389078
9  83 1.759637  505189.476087 6950.139074 50.898629 74079.044804 973.095817 7.804217
9  84 1.759637  517498.368678 7040.126423 51.139731 75804.232054 987.748953 8.327364
9  85 1.759637  529965.526842 7130.023445 51.088397 77556.247378 1003.588559 9.001634
9  86 1.759637  542591.039023 7220.111317 51.196858 79335.285212 1018.462689 8.452955
9  87 1.759637  555375.227695 7310.374864 51.296694 81139.804459 1032.550689 8.006198
9  88 1.759637  568318.248436 7400.639565 51.297349 82969.322750 1046.876558 8.141379
9  89 1.759637  581419.999293 7490.787233 51.230840 84824.877171 1062.143308 8.676081
9  90 1.759637  594680.673535 7581.271602 51.422187 86709.039638 1079.392412 9.802650
9  91 1.759637  608100.885016 7672.116976 51.627345 88624.540593 1097.762577 10.439749
9  92 1.759637  621680.566988 7762.525480 51.379073 90572.504558 1116.289813 10.529012
9  93 1.759637  635412.162040 7844.781113 46.745804 92551.767939 1133.337438 9.688150
9  94 1.759637  649283.403570 7921.247418 43.455734 94563.050174 1152.682385 10.993716
9  95 1.759637  663282.540746 7990.147079 39.155616 96606.356773 1169.736273 9.691710
9  96 1.759637  677403.606144 8059.830818 39.601207 98681.402219 1188.756702 10.809293
9  97 1.759637  691647.720604 8130.004426 39.879599 100788.382881 1206.033783 9.818549
9  98 1.759637  706010.575089 8194.790519 36.817879 102927.746689 1225.563329 11.098624
9  99 1.759637  720490.094059 8262.605074 38.538952 105102.902870 1246.715330 12.020663
9  100 1.759637  735093.387653 8335.472536 41.410514 107312.015328 1264.157974 9.912639
9  101 1.759637  749821.528113 8404.505801 39.231543 109552.483483 1282.354160 10.340876
9  102 1.759637  764672.407731 8474.977646 40.049088 111825.386219 1301.023060 10.609520
9  103 1.759637  779652.174306 8550.998486 43.202576 114129.896017 1318.278690 9.806359
9  104 1.759637  794765.013430 8626.227670 42.752678 116467.053167 1338.129983 11.281472
9  105 1.759637  810014.352169 8706.143707 45.416213 118839.787492 1358.715644 11.698813
9  106 1.759637  825409.741697 8792.228737 48.922046 121248.909985 1379.488711 11.805315
9  107 1.759637  840957.826633 8879.697038 49.708158 123696.626609 1402.581664 13.123705
9  108 1.759637  856654.312411 8960.900871 46.148066 126186.433129 1427.328012 14.063328
9  109 1.759637  872491.438760 9039.548861 44.695583 128720.299343 1452.659835 14.396053
9  110 1.759637  888459.581400 9109.813754 39.931476 131298.002742 1477.153277 13.919601
9  111 1.759637  904553.612777 9182.633778 41.383555 133918.939238 1501.798498 14.005857
9  112 1.759637  920779.775388 9259.993880 43.963678 136584.099118 1527.417497 14.559255
9  113 1.759637  937140.399244 9335.462191 42.888574 139294.733462 1553.484693 14.813965
10  1 1.759637  269.235438 148.894886 45.924414 205.894049 90.058368 6.045150
10  2 1.759637  602.482177 229.872766 46.019657 373.891593 100.887342 6.154096
10  3 1.759637  1078.111288 310.726439 45.949071 560.725253 111.467465 6.012675
10  4 1.759637  1695.916116 391.469433 45.886172 766.226103 122.104436 6.044981
10  5 1.759637  2455.734689 472.139011 45.844450 990.404085 132.695861 6.019097
10  6 1.759637  3357.409501 552.702982 45.784433 1233.244520 143.316146 6.035498
10  7 1.759637  4401.013188 633.455118 45.891367 1494.753785 153.914821 6.023217
10  8 1.759637  5586.790963 714.297799 45.942824 1774.849136 164.441059 5.982052
10  9 1.759637  6914.775168 795.086694 45.912258 2073.500332 175.005361 6.003684
10  10 1.759637  8384.882825 875.835063 45.889226 2390.809215 185.647353 6.047835
10  11 1.759637  9996.965094 956.454786 45.816117 2727.228062 196.725711 6.295821
10  12 1.759637  11750.850506 1037.008263 45.778470 3083.027090 207.674834 6.222377
10  13 1.759637  13646.572343 1117.665816 45.837616 3458.012821 218.533283 6.170847
10  14 1.759637  15684.201194 1198.299524 45.824065 3852.215216 229.516461 6.241730
10  15 1.759637  17863.656557 1278.865578 45.785617 4265.416092 240.126923 6.029916
10  16 1.759637  20184.835914 1359.382764 45.757845 4697.408953 250.875397 6.108349
10  17 1.759637  22647.761885 1439.974529 45.800228 5148.247517 261.546916 6.064614
10  18 1.759637  25252.327477 1520.370106 45.688735 5617.789539 272.133714 6.016468
10  19 1.759637  27998.468778 1600.889228 45.758946 6106.308172 283.115698 6.241052
10  20 1.759637  30886.398527 1681.526605 45.826150 6614.200259 294.153548 6.272800
10  21 1.759637  33916.296162 1762.249675 45.874849 7141.514233 305.190580 6.272336
10  22 1.759637  37088.694361 1843.492494 46.170222 7688.456949 316.463540 6.406413
10  23 1.759637  40404.157804 1924.857378 46.239591 8255.148836 327.637454 6.350125
10  24 1.759637  43862.878343 2006.318254 46.294144 8841.463493 338.766746 6.324767
10  25 1.759637  47464.945304 2087.784669 46.297291 9447.332320 349.862689 6.305814
10  26 1.759637  51210.576074 2169.492624 46.434558 10072.646928 360.868786 6.254756
10  27 1.759637  55100.006533 2251.227141 46.449654 10717.395877 371.951726 6.298425
10  28 1.759637  59133.210120 2332.904906 46.417402 11381.696851 383.091582 6.330770
10  29 1.759637  63310.074776 2414.512057 46.377272 12065.581018 394.209950 6.318559
10  30 1.759637  67630.550431 2496.132914 46.385061 12768.840545 405.113581 6.196524
10  31 1.759637  72094.852270 2577.984642 46.516265 13491.203345 415.922697 6.142811
10  32 1.759637  76703.205457 2659.861420 46.530500 14232.509968 426.645096 6.093530
10  33 1.759637  81455.647299 2741.755552 46.540363 14992.831449 437.534952 6.188696
10  34 1.759637  86352.299027 2823.770121 46.608807 15772.443952 448.571237 6.271911
10  35 1.759637  91393.365874 2905.897521 46.672929 16571.457084 459.585672 6.259493
10  36 1.759637  96578.984035 2988.066887 46.696777 17389.839351 470.586163 6.251569
10  37 1.759637  101909.222288 3070.272463 46.717356 18227.473191 481.466974 6.183556
10  38 1.759637  107384.084753 3152.446509 46.699438 19084.330648 492.435693 6.233513
10  39 1.759637  113003.609958 3234.695877 46.742243 19960.423290 503.329651 6.191027
10  40 1.759637  118767.804186 3316.877064 46.703495 20855.910415 514.479427 6.336408
10  41 1.759637  124676.595246 3399.044380 46.695613 21770.976140 525.582653 6.309954
10  42 1.759637  130729.842986 3481.066270 46.612968 22705.809164 536.946905 6.458294
10  43 1.759637  136927.586199 3563.277678 46.720670 23660.578860 548.242639 6.419356
10  44 1.759637  143269.775978 3645.243981 46.581377 24635.066574 559.358370 6.317060
10  45 1.759637  149756.295488 3727.322595 46.645203 25628.845383 570.168864 6.143594
10  46 1.759637  156385.932612 3807.911207 45.798437 26641.222528 580.497204 5.869587
10  47 1.759637  163159.125739 3890.488094 46.928371 27670.608372 589.500922 5.116805
10  48 1.759637  170077.613945 3973.053336 46.921754 28718.090280 601.065159 6.571946
10  49 1.759637  177139.995984 4054.037570 46.023268 29784.635769 611.168552 5.741750
10  50 1.759637  184344.252448 4134.307556 45.617362 30868.719204 620.998758 5.586497
10  51 1.759637  191690.193779 4215.076339 45.900828 31968.741878 629.285065 4.709101
10  52 1.759637  199176.633338 4293.997591 44.850878 33084.597968 638.994988 5.518141
10  53 1.759637  206802.499519 4373.548391 45.208649 34217.619026 648.794738 5.569189
10  54 1.759637  214568.346899 4453.099974 45.209095 35365.937838 656.382388 4.312055
10  55 1.759637  222473.818413 4532.244934 44.978010 36528.531647 665.019674 4.908562
10  56 1.759637  230517.950541 4610.701382 44.586730 37707.406525 674.887423 5.607833
10  57 1.759637  238698.559618 4687.364393 43.567521 38904.880643 686.159537 6.405933
10  58 1.759637  247012.375028 4762.103462 42.474147 40121.557528 696.713254 5.997668
10  59 1.759637  255459.730577 4839.145879 43.783137 41360.541327 711.513535 8.410987
10  60 1.759637  264043.201541 4916.812001 44.137588 42626.605646 727.492924 9.081073
10  61 1.759637  272763.695284 4994.885728 44.369230 43922.652110 745.591189 10.285228
10  62 1.759637  281620.270550 5071.482019 43.529604 45251.749916 765.059021 11.063552
10  63 1.759637  290612.976761 5149.611919 44.401153 46619.427642 789.441058 13.856290
10  64 1.759637  299744.818087 5229.622743 45.470080 48028.946186 812.615220 13.169856
10  65 1.759637  309017.928005 5310.177551 45.779226 49477.828134 834.181433 12.256059
10  66 1.759637  318434.324610 5392.482137 46.773623 50962.499127 853.292986 10.861079
10  67 1.759637  327993.511775 5472.473049 45.458765 52479.788696 871.255648 10.208165
10  68 1.759637  337692.513192 5551.394766 44.851142 54029.490738 890.132945 10.727951
10  69 1.759637  347530.157974 5630.054853 44.702458 55614.381497 911.251082 12.001419
10  70 1.759637  357506.410835 5708.936463 44.828349 57237.269449 933.320487 12.542023
10  71 1.759637  367621.275654 5787.600958 44.704962 58900.037143 956.578327 13.217409
10  72 1.759637  377874.656666 5866.373723 44.766493 60602.246206 978.149476 12.258865
10  73 1.759637  388266.649972 5945.147445 44.767036 62343.360806 1000.798291 12.871302
10  74 1.759637  398797.191179 6023.847022 44.724900 64125.679348 1024.981803 13.743468
10  75 1.759637  409466.210103 6102.540973 44.721703 65949.670309 1048.163090 13.173905
10  76 1.759637  420273.690187 6181.221731 44.714205 67815.349831 1072.364948 13.753894
10  77 1.759637  431219.457507 6259.718000 44.609360 69722.612465 1095.426381 13.105792
10  78 1.759637  442303.491941 6338.375888 44.701208 71669.923129 1117.883467 12.762342
10  79 1.759637  453525.833592 6416.917737 44.635264 73657.167440 1140.814894 13.031910
10  80 1.759637  464886.486955 6495.580735 44.704112 75684.667492 1163.638071 12.970391
10  81 1.759637  476385.262846 6573.907558 44.513064 77752.958971 1187.178358 13.377924
10  82 1.759637  488021.744530 6652.096894 44.434930 79864.812439 1213.150551 14.759974
10  83 1.759637  499795.616375 6730.064972 44.309189 82021.254229 1237.857365 14.040861
10  84 1.759637  511706.835548 6808.205624 44.407263 84223.381455 1265.076535 15.468630
10  85 1.759637  523755.548791 6886.340488 44.403974 86474.838639 1293.925708 16.394959
10  86 1.759637  535942.003470 6964.762295 44.567044 88778.832123 1324.789202 17.539696
10  87 1.759637  548266.559747 7043.306521 44.636614 91137.473400 1356.038291 17.758830
10  88 1.759637  560729.319577 7121.844208 44.632898 93551.712879 1387.982021 18.153594
10  89 1.759637  573330.200288 7200.294469 44.583214 96024.107393 1422.137201 19.410358
10  90 1.759637  586068.981694 7278.581895 44.490675 98555.090923 1454.574191 18.433913
10  91 1.759637  598943.693873 7354.793143 43.310785 101141.627642 1485.278859 17.449435
10  92 1.759637  611958.501249 7437.813847 47.180593 103783.187419 1517.113300 18.091485
10  93 1.759637  625114.655448 7515.447692 44.119245 106481.821803 1550.149757 18.774589
10  94 1.759637  638413.832395 7600.373250 48.263119 109238.181777 1582.724103 18.511972
10  95 1.759637  651864.309299 7687.414954 49.465723 112053.151273 1616.765236 19.345546
10  96 1.759637  665464.379927 7770.401211 47.161016 114927.609187 1650.338533 19.079675
10  97 1.759637  679203.584273 7845.554092 42.709316 117859.843080 1682.433312 18.239435
10  98 1.759637  693085.013994 7932.054320 49.158003 120847.569777 1713.411555 17.604908
10  99 1.759637  707122.043101 8022.408078 51.347961 123888.066619 1742.411765 16.480793
10  100 1.759637  721316.875038 8111.412737 50.581269 126978.073470 1769.684544 15.499096
10  101 1.759637  735678.247222 8211.697427 56.991701 130113.180457 1793.672500 13.632334
10  102 1.759637  750214.396676 8310.064272 55.901790 133290.677120 1817.864575 13.748335
10  103 1.759637  764917.031685 8400.924615 51.635853 136508.899850 1839.961674 12.557762
10  104 1.759637  779774.495892 8486.042864 48.372625 139763.509427 1859.221802 10.945514
10  105 1.759637  794782.844690 8572.419773 49.087921 143052.855294 1879.442880 11.491621
10  106 1.759637  809938.520379 8653.494348 46.074609 146376.648970 1898.375120 10.759175
10  107 1.759637  825236.520435 8734.185395 45.856651 149734.401633 1918.040603 11.175877
10  108 1.759637  840667.435099 8804.564856 39.996585 153124.926827 1935.624322 9.992812
10  109 1.759637  856217.391657 8869.488201 36.895880 156546.456683 1953.280446 10.033960
10  110 1.759637  871877.771419 8930.071673 34.429533 159997.978651 1969.713305 9.338779
10  111 1.759637  887644.981851 8990.911752 34.575363 163478.491549 1986.231484 9.387267
10  112 1.759637  903509.935507 9041.166449 28.559700 166989.297875 2004.144763 10.180100
10  113 1.759637  919473.597173 9103.103100 35.198544 170530.176801 2020.411948 9.244627
